3	91.363584852
3	142.71946586499993
3	106.92665494400005
3	123.18693361900002
3	122.73811736499991
3	106.16350618600012
3	109.73128844099998
3	128.89367741899997
3	109.12124370700006
3	131.76282799
3	182.84505947200014
3	121.787836517
3	103.06909493000005
3	96.05471065699996
3	104.93462967900003
3	136.693626846
3	93.55296398999998
3	100.608915326
3	162.21770035799992
3	210.46350007400008
3	176.58875664400014
3	172.4991726910001
3	104.98163364800007
3	109.36945709700002
3	107.77942661899993
3	105.42483947499996
3	96.01610348100002
3	101.53560539699993
3	121.48372644900007
3	96.90119217500008
3	180.7366403399999
3	99.36529729699998
3	102.281913434
3	114.94467740100002
3	210.02653610800013
3	155.320812135
3	110.26983897999997
3	101.24606381899987
3	142.833394229
3	139.36254491100007
3	154.31835372400005
3	91.54084506699996
3	149.0981838419999
3	84.06064584599996
3	139.95358160100017
3	118.88706122200001
3	119.49019001699996
3	98.71106882400002
3	94.171168761
3	133.238239002
3	93.96022044599997
3	84.96290931800003
3	93.50566499199998
3	102.07529864199995
3	104.34469972399988
3	99.05243128599996
3	80.771838764
3	105.48498017800011
3	80.72056278400004
3	100.79945568499997
3	77.218392979
3	132.28607407
3	104.79853651099997
3	88.91810515399995
3	129.23176463399997
3	90.47229651299992
3	72.13359318199997
3	111.80958804000002
3	83.65636781600004
3	124.462616735
3	98.439718503
3	86.18824647800004
3	72.59954990099995
3	83.96928744200001
3	95.95490754099998
3	117.683277929
3	118.87538506800013
3	121.17215707099992
3	116.782004283
3	98.96899904300004
3	110.48366970500003
3	156.01881984600004
3	88.90164073200003
3	78.73807895899999
3	113.49368638300004
3	135.045065228
3	138.1341009289999
3	96.30487916600005
3	93.58639866500005
3	99.46576336599999
3	143.16315599099997
3	77.09195536399997
3	87.26355277700004
3	122.0218253600002
3	85.09128080600006
3	71.834580198
3	103.03276789300004
3	69.740228649
3	55.909534110000024
3	65.37172431000002
3	118.6864024220001
3	124.22734719899995
3	119.08639654099998
3	159.2364406840001
3	99.66561131300001
3	137.26234805600006
3	107.50854592799996
3	179.84269300699987
3	86.85224955199996
3	115.93949872899994
3	207.89740305700013
3	144.92106976799994
3	144.09518300099998
3	96.08954130700003
3	133.37873391700006
3	114.27340605800003
3	105.03942153900006
3	94.80219881700005
3	103.17403165600004
3	173.53510224099992
3	139.3643263950001
3	159.9388602989999
3	94.938970069
3	102.33126233600002
3	83.98006352399993
3	102.267617305
3	99.07031021700001
3	97.68405856799993
3	169.88692484000006
3	143.93219996799982
3	84.98496266900004
3	90.92222307900003
3	202.09235813299992
3	128.536213104
3	89.59393466999997
3	97.84412627100002
3	114.11093325500006
3	206.02273882200012
3	137.35266838600003
3	216.8984102129999
3	149.37143711899995
3	110.42292027499994
3	110.35336342599999
3	89.04192294000008
3	91.08694917000001
3	101.97386832400008
3	164.93861152800014
3	137.87060495200018
3	86.16741755299992
3	85.88218999299997
3	103.16530979799995
3	100.95370460600002
3	137.25499253299978
3	100.18181736599996
3	107.5826020519999
3	137.31618399500007
3	118.20211592000001
3	109.11256767500004
3	112.0437459969999
3	91.25364273600002
3	85.07530165899999
3	156.45082752400012
3	91.65831605600007
3	75.11863386699999
3	212.12937036699995
3	132.29554240100003
3	169.0734285269999
3	90.68776172100006
3	127.99235559699996
3	110.14099252999998
3	104.68203253099998
3	96.22828231800003
3	95.83329176199997
3	91.71546118800005
3	89.81285389399994
3	91.67960001200002
3	99.71593138800002
3	161.03987243900002
3	82.505999194
3	112.91652935200001
3	85.33745157000004
3	138.82833234599988
3	103.62301859800002
3	90.117571434
3	121.42596997399997
3	87.46776021000002
3	81.11197411799999
3	123.62097577400002
3	95.085955851
3	107.58664296299995
3	87.98891939900001
3	85.19843802899999
3	81.20098968600004
3	70.68427827399998
3	90.49048801299995
3	66.59218076199998
3	43.870319067000025
3	46.268535415999985
3	39.015802015999995
3	36.77160145200003
3	91.70305691699996
3	99.66353917500007
3	177.28952550999983
3	118.87452176800001
3	113.28011490899993
3	101.912079219
3	109.641008571
3	101.14854326599995
3	130.45667506700005
3	129.94545273400004
3	106.06837278400006
3	98.38268572700005
3	160.18286898300013
3	96.606941313
3	125.3581000610001
3	123.08535160000005
3	112.27928342099995
3	119.79196503099995
3	86.78920765099996
3	90.15841550700002
3	86.690133459
3	113.90350528999996
3	85.297197223
3	116.425956164
3	131.49185781300002
3	105.66801704099993
3	113.25766131600001
3	109.25216021699997
3	113.01018236600005
3	102.21683504800005
3	122.72888521899996
3	101.02921731599999
3	93.45121733399995
3	154.20457047099998
3	124.486633475
3	104.92759703700003
3	93.36273675400001
3	119.93383126199996
3	94.31992072300001
3	102.96333302500004
3	127.58670600299997
3	117.30029435300001
3	119.85705061000006
3	103.69548311499999
3	119.74907500599997
3	98.64336580000004
3	111.80540097999997
3	164.35032657500005
3	91.73045744700003
3	132.06481394499997
3	94.50556135600006
3	109.73956076500001
3	96.73030582199999
3	93.92767153799994
3	108.07570298000003
3	92.49669884800001
3	165.4745530180001
3	109.38544512200004
3	141.81859557799987
3	90.06765608500001
3	94.20893144999988
3	82.43396896300001
3	92.18117311300006
3	86.20547273800001
3	112.58572830999995
3	80.72189246600001
3	102.71289446700003
3	119.23875650600004
3	96.96097787700002
3	98.06279680499998
3	95.84628162800003
3	90.56242742300003
3	136.29774528200002
3	149.8102899910001
3	85.53334587500005
3	82.954894501
3	93.58455643100007
3	93.53355702900005
3	93.85496776599997
3	86.33702894199995
3	73.93599031499998
3	82.37608557700001
3	95.73858816500002
3	87.44788420100005
3	85.03555199200005
3	113.02497177900007
3	105.74999888500007
3	86.70236470400003
3	121.28284239100007
3	95.54801004600002
3	92.06542936400005
3	115.837363754
3	107.60934191399993
3	102.51340373899997
3	92.78034115300001
3	87.33739838699996
3	67.19189354199999
3	107.87051872100004
3	85.51845353000003
3	129.53587245800009
3	105.56944497199999
3	131.97914744300002
3	95.40452761799999
3	109.892642207
3	99.486320596
3	102.68694871500004
3	104.4929954209999
3	111.69587471899997
3	195.15016919100026
3	124.14370210199995
3	187.64178605799992
3	141.87005793099996
3	106.25940331999998
3	94.20193254299997
3	89.52632758499996
3	157.62566609800007
3	107.239646805
3	118.38622961499999
3	119.99359733499999
3	135.721266476
3	99.55523392400006
3	137.40838126900007
3	215.30120338100016
3	116.13019117699994
3	106.23717098200004
3	115.34491043800003
3	133.52577150999988
3	87.010872759
3	121.22629342500002
3	129.77516764000012
3	129.36102818899997
3	105.55342021100002
3	130.02638500499984
3	108.19081016999999
3	192.649917955
3	108.09598089700002
3	108.99658210999995
3	98.81294573600002
3	150.25107754500002
3	103.24196386300007
3	96.74375110200002
3	82.02589201100004
3	96.13792085000006
3	86.21710216099996
3	229.10692463400028
3	96.6247380249999
3	93.39530364099996
3	94.63859836600005
3	100.10908295500006
3	164.45555101699998
3	87.55635713700002
3	138.809191606
3	75.73612182599999
3	111.88656636399998
3	100.39972175299995
3	106.58219285299995
3	95.495064869
3	124.04090916099997
3	79.55555378300004
3	104.81683252399993
3	102.18531251199998
3	95.06940475999997
3	94.34989705899999
3	139.42840945
3	117.23117066599998
3	117.39580966099999
3	108.50999502099997
3	90.77881515300002
3	113.77106391499998
3	132.935349506
3	97.82544058200014
3	93.19033286800007
3	209.32630747500002
3	117.11164095900007
3	118.80620181600004
3	147.53195893099985
3	96.65794294500002
3	123.66460733399992
3	97.6315897700001
3	68.79858037600003
3	78.52203936399994
3	125.90679189299996
3	135.02591597799997
3	130.883618471
3	123.51931125100002
3	106.138018045
3	118.17132314
3	161.38002345199996
3	157.219965435
3	102.70549460799992
3	106.26579709699995
3	146.637235205
3	63.342494011999975
3	91.73874389399995
3	64.32238136500004
3	67.99146547699999
3	53.55807412699998
3	35.523001696
3	58.32192932200003
3	58.01059227899998
3	124.24005675999999
3	105.51208688800006
3	89.34511272099999
3	82.619012353
3	143.29268283300001
3	149.391674892
3	116.61916474799996
3	97.73318661799999
3	95.04247087400003
3	169.10300699999996
3	99.11847360799999
3	93.473406096
3	99.70454865099998
3	99.84566740199999
3	190.36878211999996
3	86.623942931
3	114.87410633100005
3	109.34743810299997
3	82.39804292499998
3	99.12219721199999
3	93.73571109400007
3	103.08688645199989
3	130.015818696
3	96.31128383
3	97.07020536700003
3	105.88734082699993
3	118.49654856399995
3	84.04469071499997
3	130.44798517400005
3	83.30850039900005
3	110.32817066299998
3	127.0544938370001
3	92.790926652
3	92.48635642999999
3	116.60970631700002
3	83.09368205400001
3	128.81523882100007
3	136.10307950900003
3	116.96070122600003
3	115.62695969900007
3	90.47779704400006
3	138.55805792699996
3	128.42993181999998
3	110.32348529400005
3	109.91189461099998
3	134.08609442000002
3	104.31028054400008
3	113.80893736999998
3	127.77828774699987
3	110.78084103499994
3	151.65211611000012
3	119.40069005400005
3	85.51684558100001
3	107.12355341700012
3	132.28676232000004
3	123.00613076200003
3	85.222754076
3	157.67893213399978
3	83.25157287799992
3	91.90787224499998
3	109.12220563800004
3	99.40289191100001
3	90.87687128999994
3	88.67714059100008
3	93.979279662
3	100.59112730399995
3	105.56730693400007
3	113.14602496200003
3	73.62937188499997
3	131.33473398200002
3	105.36988594900002
3	162.74624552
3	151.01902211300003
3	104.19177389199997
3	76.18531072199997
3	132.608223073
3	100.48249286399992
3	86.42121031299993
3	174.86544655399993
3	129.751114306
3	107.2853245110001
3	144.77716786500005
3	124.27179775599991
3	97.08278625499993
3	102.287893295
3	126.42567762100002
3	90.42315344000002
3	123.08583563799998
3	137.71659441999998
3	125.39741574499999
3	81.062401536
3	106.40140368099989
3	84.31692091299998
3	111.043290811
3	103.94663523499999
3	82.14719218000003
3	140.2652502919999
3	82.50700773800001
3	74.52526812599997
3	93.73934779699997
3	172.65459558000003
3	104.378607918
3	94.84656391299994
3	175.07179145800006
3	94.52736382299996
3	103.18498476600001
3	87.639796149
3	116.673117641
3	116.80806180299996
3	100.371747395
3	99.68001986700003
3	108.72509298100005
3	105.44617457899993
3	104.12712845500003
3	124.247804523
3	99.33319168200006
3	99.22694379200007
3	120.485783565
3	141.912634124
3	118.36057473600002
3	279.3056485340003
3	138.59688565799993
3	85.67127507200004
3	97.66026612400006
3	153.2303169279999
3	113.05085678000002
3	109.29230398499998
3	86.00596497700002
3	145.84031599000002
3	132.97574117699997
3	113.28689467700002
3	116.04274191900008
3	100.97293466400005
3	117.844722104
3	95.25098787600007
3	151.21842171399987
3	94.33933626200002
3	192.91394210900006
3	98.20392049799995
3	94.78849237600002
3	123.35937440100003
3	153.40232985600005
3	139.23895313900005
3	94.47031232699996
3	85.961274514
3	89.41889600699997
3	162.3427385029999
3	92.30670763100008
3	143.77817703000005
3	100.80483943299994
3	114.38711305700002
3	98.41149677999995
3	110.593176895
3	80.78548126400004
3	115.65505258100002
3	95.21660071400004
3	157.2031372369999
3	104.02418258800009
3	157.60066785600006
3	87.51425057499996
3	100.09959467699998
3	78.88999767300002
3	117.53383769999998
3	118.98180807400003
3	93.79302130399996
3	89.19769641000003
3	150.47747150599986
3	102.48023820699999
3	104.787383271
3	131.40510614100015
3	113.43602501900001
3	98.66904738199992
3	102.362594278
3	112.30355986899998
3	86.12808760699998
3	83.83638973900005
3	104.92724618499999
3	109.54582470699995
3	98.76312044400001
3	80.31082057600001
3	89.16412108200001
3	114.27986634599995
3	87.85554119999999
3	120.25372011200012
3	87.78911836500001
3	102.98716264999997
3	112.29781208499993
3	99.12343317699998
3	86.20917292100002
3	120.05109250699998
3	95.00437654999996
3	139.18463652100016
3	140.02083199399993
3	119.96959291499999
3	78.717067013
3	120.36016020599997
3	68.92992284900002
3	79.07109797499999
3	50.90338738200001
3	56.93466510499997
3	171.80624250499994
3	104.7727729659999
3	83.34321110500004
3	101.77148998800007
3	97.39181163399994
3	133.750906773
3	110.84983606999985
3	94.95474300100001
3	96.314170543
3	99.32283765199998
3	107.46794346200006
3	97.86804756799994
3	134.40046783199998
3	121.37811967300007
3	103.46424132599995
3	99.33652007600004
3	136.73142834900005
3	246.3829020729996
3	95.07822045799998
3	140.22399848599994
3	94.790466227
3	146.5775684460001
3	155.52411555000003
3	83.128590104
3	107.13218567899996
3	94.86738559200012
3	126.73148022399994
3	205.0840560550001
3	85.82461292800001
3	86.230062227
3	114.24923201700001
3	136.26535831799998
3	103.47051053599998
3	84.16599322500002
3	118.60005638000008
3	112.05528196299997
3	134.32369285599998
3	175.42631789299992
3	121.28386188600001
3	86.49998027100001
3	142.930977674
3	96.34094286800003
3	103.96329964000005
3	112.21193275599985
3	109.32313989100007
3	84.10986403599996
3	86.89981061900008
3	126.21744415999991
3	134.04068260800005
3	117.65831365399998
3	96.64065257000003
3	125.26399745899987
3	79.68200888599998
3	85.93149451800004
3	90.96254918400012
3	92.84897826599997
3	97.78697742500005
3	114.87277067000002
3	131.123468399
3	94.93557351199999
3	113.92938828900002
3	218.15673064900017
3	88.39082310200001
3	90.83391153900001
3	154.13078995099997
3	102.67633119800004
3	192.58013536499988
3	98.04921848499998
3	112.57862171000002
3	78.39038382199996
3	161.649295051
3	94.34272348500004
3	125.07168429900001
3	92.03124835599996
3	117.86836226600013
3	85.51681717500003
3	104.52131544999997
3	100.077090838
3	123.50974645900004
3	94.49088360200004
3	106.44690576000002
3	102.86979048900004
3	106.097510313
3	97.13191666700004
3	96.62707514100008
3	167.83282591399998
3	83.33177998800004
3	87.43259601399996
3	98.62464977299999
3	91.07539190100005
3	95.33024518699996
3	113.14387248200002
3	86.27698076900003
3	103.48491795500001
3	85.319176947
3	120.40541052900001
3	87.83536742499999
3	90.43460308899998
3	70.703031803
3	67.42663977500003
3	141.01991471399998
3	96.47296086099999
3	106.12574726500002
3	100.86368038700003
3	95.18399888399996
3	113.442632424
3	95.215274621
3	98.68127289399996
3	147.16658222199993
3	176.824443249
3	111.73572233899992
3	109.72578124500006
3	127.96980687699997
3	115.65213845199996
3	86.212931241
3	99.60739272300003
3	130.86925365700006
3	123.87005693100002
3	101.03034931399995
3	192.2125020549999
3	135.39586085700003
3	116.16676802899997
3	89.80002404799997
3	102.67471714099999
3	102.40432699600004
3	105.42866223799996
3	98.09201188999994
3	81.263635887
3	91.294484168
3	137.612373286
3	113.11762277399998
3	94.38330346200006
3	94.62805580400001
3	86.321639064
3	114.38908665100001
3	103.22890793899998
3	111.53171886299998
3	116.53326080500001
3	86.66869116200003
3	119.37915149499997
3	137.88322058000003
3	105.8827729290001
3	115.84360182700003
3	97.59049433000006
3	108.37592446699996
3	214.141020681
3	101.694493443
3	84.739812342
3	106.92088418899998
3	93.09897486299992
3	117.744940339
3	95.59861103599998
3	165.888058288
3	94.82581378799999
3	90.11407072899999
3	86.87253425400002
3	95.37930353299998
3	102.49897800700006
3	97.287755821
3	86.529454167
3	91.81807925299996
3	83.51234849300002
3	96.78612848800006
3	85.258249843
3	92.01740575600003
3	120.24849577799999
3	90.63297743000003
3	120.59750205799996
3	180.67148089599985
3	91.17133785200001
3	117.68122626899998
3	93.65846237499996
3	86.480768146
3	83.32413378300005
3	90.93877542000003
3	83.03021081400004
3	77.43345844500006
3	106.17790864999999
3	127.54457635699995
3	128.0908182200001
3	115.55232093700005
3	80.446183874
3	88.60781930200004
3	145.10922091200024
3	150.59513487999993
3	76.77275901299997
3	84.41451494200001
3	113.58749545700005
3	93.127525161
3	101.29445428299996
3	106.08413331700007
3	130.07902698499998
3	80.704600894
3	93.68085711800006
3	110.72336408300005
3	97.00252074999995
3	88.64951388200004
3	173.60346617400003
3	139.16200137900012
3	120.80556609900003
3	108.65567127599998
3	107.2064081269999
3	123.861403954
3	99.668517949
3	123.62395417200007
3	152.98294667599995
3	99.33872038700001
3	86.501746434
3	84.10571315699998
3	151.73968332199996
3	88.40946055099997
3	98.07240390499997
3	167.0848319999999
3	145.48238298799996
3	148.65924336
3	153.19679547499993
3	82.591607877
3	132.369422096
3	84.24507275499994
3	100.16363113999996
3	184.83495975399995
3	118.563096309
3	87.31295328399999
3	101.85292552800004
3	94.68928679300002
3	94.03591946000007
3	132.55051339200008
3	100.84456098199999
3	130.93779960199998
3	101.42660463999997
3	152.41219453100004
3	105.74884530699994
3	93.35305193299999
3	107.111331909
3	112.710982648
3	137.5281452749999
3	105.39910880599996
3	99.85864900200008
3	132.930555684
3	87.45849539300005
3	95.89076869299997
3	83.17331975500001
3	148.593283106
3	160.08577187999998
3	93.91712354199998
3	112.09983587599993
3	189.86951844699985
3	95.77069478700002
3	209.33225688499988
3	86.51787961799995
3	137.56702001800002
3	92.80481030999998
3	132.25429529000004
3	101.65904146800001
3	104.71640412499995
3	87.04749332900005
3	110.22713910999995
3	112.08699325900004
3	114.72081440399995
3	92.15589345500005
3	104.391188691
3	76.26398832399997
3	101.74169457800005
3	120.07227163899988
3	109.01224877799997
3	93.85646771200004
3	97.82670469999998
3	132.23873322200012
3	74.00017089000004
3	87.53035824499997
3	92.06132409800001
3	86.13364414300003
3	97.12548540600001
3	144.92797737700002
3	89.26728757000001
3	150.34899181600005
3	86.909759605
3	87.00867738499998
3	112.47442967600003
3	112.44412500900006
3	105.09729696700009
3	133.47169019299994
3	80.92264134199999
3	92.93767671700004
3	119.50895001200003
3	104.01967592399998
3	92.51228404999999
3	79.71350404400005
3	147.1226765759999
3	97.07209962799992
3	89.91600272500004
3	112.10095145299996
3	99.01600583099994
3	95.84253313499995
3	96.59829628800006
3	103.32109607800001
3	102.25701385500001
3	72.050975621
3	84.34755113
3	95.06970388800006
3	120.98411996800007
3	94.96107029200009
3	131.16758840800003
3	134.02752245800005
3	99.24106342600003
3	117.22032148999998
3	229.16136164599993
3	177.7961497239998
3	188.85074524699985
3	134.53283207799996
3	117.61955062700002
3	122.84861809299994
3	151.8876932390001
3	99.98357430000002
3	128.26032649999996
3	98.15869088500008
3	140.44845699500002
3	139.42595830699997
3	123.46711290299999
3	155.12223892400007
3	84.12468517099997
3	134.36147962099997
3	101.05442651599996
3	84.23658969200002
3	123.51382303299998
3	150.01335789899986
3	107.775005696
3	97.03282760299999
3	98.44683480699997
3	111.76757591800002
3	103.50461182099994
3	121.30837144999997
3	123.55665819200004
3	181.8096446639999
3	84.47852668600005
3	99.98981371600013
3	119.71452199700005
3	119.87007970299999
3	101.82039227399999
3	123.541998228
3	85.19538857200003
3	89.42410716200003
3	147.7406710400001
3	120.462631884
3	126.30890053300007
3	87.65447982599999
3	104.10838566400001
3	117.642313363
3	90.137191504
3	127.42222707499998
3	82.33180836799998
3	87.74869222700003
3	100.32912618300007
3	107.37010696699997
3	119.43460355299997
3	85.65107906799996
3	152.66479394999996
3	85.04593868500002
3	86.96349353199996
3	192.63179144100008
3	89.11414155100002
3	75.348186864
3	180.48258023600022
3	113.30076447100005
3	170.21791479499993
3	99.01909762100001
3	77.11543131900005
3	89.64362086100003
3	129.4839663799999
3	90.27506050900003
3	82.38439873900006
3	111.52204546999994
3	92.33954133800002
3	95.201046441
3	110.22951147799996
3	115.63467389000003
3	74.43316860300004
3	96.66684868299994
3	114.3299258679999
3	139.13934302899997
3	96.99537450000003
3	130.538147284
3	107.04914219600005
3	98.46448708999998
3	125.56496926400006
3	70.82039823699999
3	87.34462409300005
3	116.16664903399999
3	89.43257204500009
3	94.23516980899998
3	101.16947561499997
3	78.71906032199995
3	110.979607908
3	124.11695606200006
3	77.840637276
3	117.47148780200001
3	143.38062532700005
3	113.28182177000005
3	73.88508237799998
3	45.38165654700002
1	106.42963482
1	108.380186249
1	99.916049393
1	113.252972663
1	97.260043203
1	117.947571847
1	112.280104073
1	106.933634679
1	106.093438519
1	111.373654867
1	108.942878003
1	109.197967962
1	110.313615392
1	107.412184507
1	108.692205168
1	113.06254584
1	112.923771402
1	110.551060761
1	112.630748248
1	108.495194729
1	109.858105342
1	111.556229756
1	109.340884479
1	109.996786407
1	112.663790901
1	110.709198686
1	115.303892224
1	111.740351631
1	111.413828111
1	105.856201908
1	105.379511725
1	112.710698258
1	113.226072951
1	115.224614917
1	116.350318716
1	106.683418249
1	115.873445079
1	109.605348072
1	107.968762746
1	113.983946321
1	120.082091566
1	118.267613056
1	120.842051262
1	115.243110755
1	120.468742349
1	112.872654791
1	117.844575729
1	117.234863111
1	114.28872742
1	118.733437933
1	122.311338614
1	119.016947109
1	120.713246251
1	119.786459454
1	119.331699965
1	111.192636405
1	123.0049022
1	123.823025052
1	121.920070461
1	119.380015461
1	122.669053148
1	113.313864057
1	111.828594552
1	117.674124325
1	115.204681881
1	116.665267749
1	114.133709448
1	116.650379761
1	122.021315821
1	124.909001123
1	119.9616225
1	127.203105511
1	114.887275644
1	112.344600722
1	116.504732734
1	115.687424346
1	114.535898909
1	111.111444088
1	109.838544487
1	106.912428767
1	108.474517894
1	112.771278702
1	106.075169473
1	106.368357256
1	106.474091449
1	113.455964104
1	105.871131475
1	100.088014738
1	116.146842677
1	106.451446141
1	102.405210211
1	102.888825403
1	104.162900863
1	103.003118642
1	102.598549224
1	112.729808514
1	106.828424857
1	105.759776524
1	112.097636366
1	98.112839495
1	109.225920073
1	108.405805352
1	115.645032269
1	114.614710645
1	109.618178721
1	116.04369488
1	108.596894001
1	108.613246749
1	105.054433436
1	100.820369275
1	111.730724509
1	106.682715697
1	108.103254832
1	113.626573804
1	111.65239578
1	112.421028824
1	109.470279066
1	106.011003945
1	115.339482358
1	106.924258346
1	107.73254298
1	111.404595851
1	111.247650837
1	110.213271722
1	101.988510754
1	109.477352441
1	114.356172008
1	112.171285894
1	105.113649125
1	109.314601204
1	112.295751286
1	109.559482077
1	112.533624313
1	108.193598636
1	109.958626359
1	102.535334616
1	107.440592203
1	108.205144474
1	113.186883509
1	111.698197854
1	119.528890265
1	117.776949002
1	119.572373222
1	117.382232533
1	121.609878
1	117.097288577
1	113.167338102
1	111.436948346
1	111.748178022
1	120.170095479
1	121.904639559
1	118.696125083
1	120.409769352
1	117.742085113
1	120.885857769
1	110.650893218
1	121.787474841
1	123.51189798
1	124.392015361
1	120.504142421
1	120.067596539
1	116.992639934
1	108.6291078
1	113.748759994
1	118.005592195
1	115.111244439
1	115.846653758
1	116.368805077
1	116.107575392
1	125.288422649
1	119.544422659
1	123.883715003
1	121.337050234
1	109.121648955
1	119.272040154
1	118.951854616
1	111.767715472
1	113.156813289
1	111.65512875
1	104.669144744
1	112.908256622
1	116.467909132
1	91.238208006
1	108.835336153
1	106.662139596
1	113.211896041
1	109.682978278
1	102.868478417
1	104.276597028
1	109.968392096
1	111.258921915
1	98.566569123
1	101.721596439
1	114.870542145
1	114.001974666
1	110.275048826
1	109.936362784
1	109.862057844
1	108.714824001
1	106.285870408
1	109.79657132
1	108.624637496
1	115.766743587
1	103.624649504
1	103.533575178
1	117.277808728
1	113.75040276
1	100.743302302
1	112.451317015
1	110.376456031
1	111.554984589
1	111.732469606
1	104.247458527
1	109.297132064
1	109.545437495
1	107.281839173
1	106.821251756
1	106.829230668
1	110.434472786
1	107.474618852
1	109.621709881
1	106.887359354
1	111.0680867
1	103.051319135
1	99.980321567
1	111.77933596
1	109.058601798
1	114.435203449
1	107.53246906
1	108.974695045
1	105.303029921
1	111.47231864
1	109.966446834
1	110.724879081
1	103.360521897
1	109.660140807
1	106.396139372
1	109.872648848
1	102.396221175
1	111.285869994
1	115.495844125
1	118.132159545
1	117.905369022
1	119.228718209
1	117.000546088
1	119.57595815
1	113.372391244
1	106.716432403
1	109.63053363
1	117.089204005
1	121.10236216
1	119.7476108
1	118.744427723
1	117.9565044
1	120.999940962
1	116.006973195
1	117.568637213
1	123.680750672
1	124.938218669
1	121.340616758
1	118.903010006
1	122.194915722
1	116.353253841
1	110.727993957
1	113.812346379
1	114.106263261
1	116.75462492
1	116.27792683
1	114.997937063
1	128.149623753
1	117.725646941
1	120.973399907
1	127.585688334
1	116.583856915
1	117.078507445
1	114.513551777
1	114.896521707
1	111.170159361
1	110.744730416
1	103.184488614
1	110.098134947
1	114.0582999
1	111.978987975
1	112.151395416
1	106.525154904
1	106.270299208
1	111.296106736
1	111.775050934
1	106.179857019
1	115.651142748
1	111.900254269
1	113.29885766
1	106.838179912
1	115.147586921
1	109.16193069
1	107.394647353
1	109.145846498
1	113.045179537
1	110.098863808
1	104.589586382
1	110.912690627
1	110.623057907
1	105.311643707
1	113.841402162
1	115.866397376
1	118.408021771
1	107.386539537
1	113.264018108
1	106.874371754
1	106.395306802
1	103.627023522
1	100.13464991
1	107.31296133
1	107.844357933
1	113.203344451
1	110.905367042
1	109.53154669
1	114.447819802
1	103.652757949
1	108.274833104
1	110.375675253
1	104.827830003
1	105.397678626
1	110.309612137
1	104.165398862
1	110.912172593
1	110.868309075
1	114.98607604
1	113.061248074
1	108.064349957
1	114.56213091
1	107.015353297
1	104.634567254
1	113.881369385
1	109.46153564
1	107.722161867
1	102.116140526
1	110.171800259
1	111.772372691
1	107.658139165
1	116.969414181
1	119.030812349
1	116.300497153
1	117.278490206
1	115.5597252
1	120.5193246
1	108.486398732
1	112.56454597
1	117.429080764
1	120.50077205
1	123.764672299
1	118.308154092
1	120.00069331
1	117.739168855
1	119.708173748
1	111.553937069
1	120.108435587
1	122.218012292
1	123.829938791
1	118.176721979
1	118.859204361
1	123.507761366
1	111.55503079
1	110.653272107
1	116.56247696
1	114.717070466
1	112.341171876
1	114.793384063
1	116.081154986
1	129.267436987
1	117.393500369
1	121.437707393
1	126.201207171
1	113.294244793
1	115.886854051
1	115.360959778
1	114.949252747
1	113.180610991
1	115.767944736
1	106.405751082
1	109.958842468
1	115.952139233
1	110.055580679
1	115.036872147
1	111.75498996
1	117.483590493
1	110.242163666
1	109.20880697
1	106.693204747
1	107.558469015
1	109.81646712
1	109.17139624
1	108.58439037
1	113.37138662
1	115.20515437
1	107.033848433
1	107.896735851
1	108.918607804
1	104.41327307
1	87.264509344
1	111.315909383
1	108.177661009
1	116.982220987
1	118.305929324
1	114.370471149
1	115.740739562
1	114.641355051
1	108.756403561
1	111.051248933
1	114.857620448
1	109.537164579
1	110.485844765
1	110.341265283
1	108.676205154
1	110.240426102
1	110.313934366
1	106.077043641
1	112.050164747
1	107.876144366
1	108.744229378
1	110.689109617
1	106.478589896
1	111.930018816
1	112.238665061
1	113.124013155
1	113.940249704
1	117.297156144
1	110.326518417
1	111.599009403
1	113.710166313
1	100.643313796
1	105.736397575
1	115.922036035
1	109.749030259
1	99.704463216
1	117.591441785
1	110.946797618
1	115.556317175
1	113.978072313
1	117.78203993
1	120.439622474
1	116.793479062
1	117.990590766
1	120.590820356
1	121.274313284
1	110.834230174
1	108.039041107
1	109.646301078
1	116.365197084
1	120.421266111
1	121.336723364
1	118.193656065
1	121.873831198
1	119.958777123
1	118.82224895
1	119.288956474
1	121.891954271
1	126.49431391
1	122.821727961
1	121.218005708
1	122.681494019
1	113.214762363
1	112.445205646
1	120.938662286
1	112.097222344
1	118.69135347
1	116.564976912
1	118.720362547
1	130.294216064
1	120.274195283
1	122.663111226
1	125.873784844
1	108.609231495
1	120.262730294
1	114.449825544
1	113.628785806
1	113.204663408
1	110.455400012
1	112.35278709
1	113.656618547
1	113.268684604
1	104.822326404
1	105.242846543
1	109.836372115
1	111.176623709
1	110.630205796
1	111.014674521
1	108.534747102
1	107.723067339
1	107.444204672
1	115.686260342
1	117.479305
1	110.759610844
1	110.480016246
1	114.033383376
1	115.930753392
1	114.892543591
1	103.62071038
1	85.309004294
1	39.557860517
1	103.815675961
1	106.165590105
1	114.453527866
1	108.923501501
1	116.942322499
1	117.664569104
1	114.912139922
1	106.948552612
1	107.109939962
1	110.001415749
1	108.934867124
1	103.297246698
1	105.502883775
1	112.046739318
1	109.949775485
1	104.21385506
1	105.112428725
1	108.651616255
1	103.575186563
1	110.102028975
1	114.630264797
1	104.722911511
1	108.482838787
1	115.005707091
1	111.166846587
1	104.863164333
1	110.531683383
1	115.431612907
1	112.565423602
1	111.764541016
1	114.464023491
1	108.835358857
1	113.550197929
1	112.687510272
1	110.141718576
1	107.39899454
1	110.536219325
1	103.820402034
1	102.705917156
1	113.231966511
1	120.404947535
1	118.441584211
1	117.598526102
1	116.552087147
1	120.362752893
1	118.334575997
1	108.873628646
1	103.505504882
1	115.702556275
1	121.317881466
1	123.322427639
1	116.189922121
1	118.156217999
1	118.634931994
1	120.157601704
1	110.476395913
1	118.323853692
1	122.324311107
1	122.107500985
1	122.422965122
1	119.443562359
1	120.60252573
1	106.066666843
1	113.855486228
1	117.076066903
1	116.412251609
1	115.780041398
1	113.947738282
1	116.067800681
1	128.411571642
1	116.0589397
1	123.531001528
1	126.673533365
1	110.255240863
1	114.479301868
1	117.927557322
1	111.309672821
1	108.079033243
1	103.694712607
1	109.274127359
1	114.728643339
1	108.068290253
1	112.112775118
1	103.771728329
1	108.597488571
1	108.867924205
1	98.39153013
1	116.446814197
1	111.620099777
1	114.955209621
1	110.896138013
1	100.411442261
1	114.878167068
1	108.335398248
1	113.41469614
1	99.428247073
1	113.854698337
1	104.287842551
1	104.608044012
1	109.925714309
1	110.707129598
1	109.870733318
1	104.808115547
1	98.731941047
1	113.292636093
1	116.612656681
1	115.183801925
1	111.819809269
1	108.055804655
1	110.197775654
1	109.437728858
1	108.615579851
1	106.876686961
1	108.439672406
1	114.435425769
1	105.773695408
1	111.00296289
1	110.818006738
1	109.129378765
1	104.052862661
1	110.376911664
1	110.369723122
1	109.171186642
1	109.272248546
1	114.269384354
1	110.056382447
1	114.567886295
1	108.576011645
1	110.124854079
1	102.203336655
1	112.998956848
1	113.994303228
1	109.779639663
1	106.908605525
1	117.415161842
1	113.757127622
1	115.676234415
1	112.270264221
1	114.060676447
1	116.330924121
1	117.332395766
1	117.250852038
1	120.398315925
1	116.479423284
1	121.915058426
1	114.451773761
1	106.499078706
1	104.977483994
1	112.981158868
1	119.948740891
1	122.676983421
1	120.005850929
1	120.483567933
1	118.34687325
1	117.701909643
1	107.101026421
1	121.939339676
1	122.78915697
1	124.124646767
1	119.527624792
1	120.393270455
1	117.29253839
1	114.114793114
1	113.089210952
1	116.479473414
1	117.640460533
1	115.268042631
1	113.965343985
1	118.019629698
1	124.915170348
1	118.452672207
1	126.942434535
1	120.372917217
1	113.23968104
1	115.592949359
1	115.305227035
1	113.837464601
1	111.239196761
1	103.530792243
1	112.109425684
1	108.632466537
1	109.394690262
1	109.279584311
1	112.486991971
1	108.783420673
1	108.961962985
1	110.642135103
1	110.908393422
1	99.870730674
1	106.255353616
1	107.45079566
1	113.340507165
1	96.789724398
1	112.879699827
1	109.139233672
1	111.416083727
1	108.236255673
1	112.744420907
1	114.594201551
1	89.200527367
1	107.694657913
1	114.559033533
1	100.730366971
1	107.530517456
1	105.010120445
1	117.175168147
1	112.342661943
1	106.231197128
1	109.975684824
1	106.549055946
1	104.124734714
1	107.481493742
1	108.633333051
1	108.002599797
1	110.912526279
1	101.139492378
1	105.597930532
1	108.148075115
1	116.424189323
1	112.247838748
1	110.255340837
1	112.514143785
1	105.284256594
1	106.514347209
1	114.314760244
1	112.248373572
1	113.172598835
1	109.762148547
1	107.900030133
1	110.038745305
1	106.400061295
1	110.383081169
1	109.542951034
1	106.39432426
1	106.885533698
1	117.159381905
1	104.526282405
1	111.157279956
1	116.694780959
1	110.466265063
1	117.734064436
1	118.772626301
1	117.905012276
1	118.958535938
1	120.959341575
1	117.673154671
1	114.066077183
1	114.576719595
1	97.964013514
1	121.8748993
1	120.803591597
1	120.067530971
1	120.409421668
1	117.68887794
1	120.990937483
1	110.880607409
1	112.550103409
1	121.138407883
1	124.874692609
1	116.87998536
1	119.20536162
1	119.750799729
1	115.475709921
1	112.301129
1	117.122670922
1	115.729886701
1	117.561427307
1	116.377303564
1	113.736619259
1	129.945825683
1	118.456491304
1	124.030505119
1	126.039172325
1	105.216457435
1	116.801459203
1	115.806071919
1	115.363255265
1	103.238498854
1	109.267088949
1	109.811322171
1	106.463029657
1	109.953914076
1	110.097648551
1	107.992888488
1	112.81969702
1	104.670383355
1	111.992206549
1	107.337535517
1	105.579334752
1	113.418723904
1	102.95392959
1	115.28217749
1	114.240079748
1	106.221520735
1	100.001350177
1	107.935906339
1	104.369245736
1	104.413271169
1	105.69349476
1	114.264449236
1	106.873385636
1	109.301841739
1	108.671696164
1	108.988934867
1	112.42909176
1	117.194367421
1	113.637779278
1	110.049795386
1	106.561103514
1	107.520432839
1	105.99667494
1	110.368997854
1	110.378000933
1	109.630541422
1	112.587595765
1	106.59903101
1	115.824600351
1	113.10800152
1	100.802750962
1	108.251967457
1	113.313551155
1	100.969427599
1	113.557196644
1	112.93388901
1	112.42756808
1	104.928627614
1	117.472596496
1	107.354974304
1	111.732824966
1	113.976289402
1	111.272102862
1	102.156862688
1	112.144372846
1	111.425021747
1	107.988762366
1	104.945893083
1	109.330901785
1	105.091041848
1	111.94838436
1	113.400452686
1	120.565451294
1	118.186404996
1	117.817719564
1	116.131886395
1	121.049563785
1	116.743008137
1	107.813263014
1	111.816851096
1	104.521294815
1	121.278757094
1	123.598997282
1	118.525528838
1	121.753292939
1	118.274198332
1	122.332185958
1	108.056208606
1	115.70929003
1	123.630918322
1	123.219839396
1	121.96998253
1	119.047787683
1	120.29355978
1	108.306545358
1	114.553042236
1	115.05179876
1	111.921317977
1	117.473427873
1	116.353696794
1	116.245836409
1	127.531605935
1	119.464763438
1	120.752919132
1	125.829159697
1	114.545758652
1	111.841846643
1	117.239929533
1	115.335304533
1	113.76031253
1	106.339844052
1	111.318832779
1	111.324375491
1	115.188176081
1	114.528671631
1	109.838639957
1	112.028302509
1	113.647330039
1	109.996707733
1	104.126553541
1	108.287299428
1	105.153528515
1	113.48897942
1	108.165188607
1	106.152367835
1	111.410480661
1	109.769418368
1	108.431539549
1	107.672406555
1	114.235597995
1	104.921618067
1	90.09614939
1	107.398576097
1	103.607748694
1	111.039900031
1	105.693947763
1	105.681855456
1	116.018499189
1	111.805569759
1	108.706131833
1	112.737092845
1	104.819278139
1	107.833251011
1	114.600299599
1	107.36374884
1	109.018344721
1	111.741639391
1	106.426790408
1	106.168647639
1	105.517414843
1	110.306833029
1	107.142219363
1	104.122995221
1	114.016258023
1	112.769228816
1	104.439267904
1	107.490998377
1	115.526664092
1	116.613711762
1	112.657587625
1	103.09780161
1	112.94651684
1	106.73275214
1	113.894385929
1	109.478526208
1	103.759129265
1	100.364521646
1	103.14817407
1	114.682519671
1	102.773755208
1	108.122312366
1	113.650370104
1	118.291542312
1	117.33484167
1	112.541016022
1	119.752293276
1	117.125120318
1	119.638326024
1	109.171542606
1	109.613771778
1	116.548099059
1	120.493236627
1	122.433068127
1	119.640231141
1	117.920311737
1	117.974238419
1	121.499697871
1	109.153188134
1	108.252486042
1	123.754372682
1	124.799449802
1	122.723692936
1	118.341768713
1	122.568406085
1	114.08938988
1	111.077421076
1	113.48430644
1	116.082580028
1	116.537396099
1	115.913052882
1	114.714416117
1	126.420214194
1	119.458272072
1	121.514715564
1	127.844080551
1	110.391713214
1	119.630158866
1	115.409443298
1	113.161637162
1	110.318968524
1	112.284628535
1	107.148747942
1	108.448640309
1	113.61526817
1	103.599634173
1	103.023029609
1	111.537408363
1	104.052457364
1	105.392229747
1	110.914357957
1	111.421060264
1	110.144949159
1	111.943140608
1	113.818982067
1	113.784302078
1	97.705657951
1	104.828188417
1	105.807667901
1	103.724528992
1	114.1161106
1	104.405259744
1	110.853288539
2	133.80305413699992
2	180.514415126
2	194.05805079700025
2	177.8099658330001
2	151.188596314
2	120.54273439099995
2	156.02789065900004
2	191.474651294
2	91.8694646830001
2	223.27335700599977
2	107.49173410299996
2	175.97394165799992
2	152.73322617399998
2	183.37497305500005
2	129.11739739699996
2	209.61639832099996
2	92.58028858499998
2	120.54546216300002
2	166.63376991399994
2	210.6586967490002
2	184.006150432
2	283.0077066910003
2	126.01614379900005
2	99.90685772
2	136.06419585499992
2	279.832462643
2	95.89024292000003
2	203.99435707399994
2	173.4695516589999
2	116.83077956499996
2	124.18105836899993
2	111.69132846899997
2	108.27311333699997
2	126.78555801900012
2	108.39129584099999
2	176.17867700299988
2	212.79743955499995
2	145.96643662799994
2	207.0446072239998
2	94.95820790800006
2	207.83424570800017
2	166.91643415399997
2	118.45423630799995
2	151.70254433700018
2	160.907577559
2	176.679584094
2	294.9743110530002
2	219.67384381599996
2	114.64955749799991
2	132.040276478
2	154.05078264600004
2	201.51035939300002
2	234.46344636999987
2	292.11507089100013
2	111.46416046999992
2	117.73451309300013
2	134.83443850699993
2	130.03562649100007
2	321.3623248050003
2	165.68339460599995
2	358.73117497500033
2	370.79152728699967
2	216.30929181199986
2	170.90131421799992
2	128.756547011
2	189.23901873100024
2	142.985336042
2	160.0017400149999
2	103.08706900100002
2	168.81790624900006
2	165.2046960479999
2	165.87949694200006
2	171.11531099500004
2	139.79110057100007
2	295.69690738100036
2	180.71153013799992
2	311.2403132249997
2	262.33825393299986
2	228.47996485799973
2	144.364107965
2	200.24742436800014
2	145.63832299500007
2	269.2551479190002
2	197.44232661999976
2	168.077532603
2	93.60201317899998
2	167.52491809500003
2	145.93233048399995
2	240.71650418300004
2	126.37798424799998
2	136.37273837799998
2	167.27358554000003
2	226.01265575299996
2	77.81648807800003
2	97.20577667199998
2	59.76810436799998
2	83.43301086900009
2	65.971239109
2	51.20336491599999
2	83.39668654100002
2	96.255633936
2	155.75358844600004
2	89.24013498400001
2	151.145143785
2	196.79015243399982
2	157.57345895700007
2	120.94461263000004
2	182.53223455100016
2	92.67356238800004
2	135.86742162899998
2	174.17156600000004
2	146.78809808
2	161.23664788500005
2	205.2728383960002
2	89.26139790900001
2	136.17476317399985
2	178.06282630000004
2	139.24822547300002
2	170.7669789109999
2	141.59971259000005
2	128.90413363
2	164.65403282700007
2	193.05603819999996
2	126.655171182
2	238.5012495100001
2	177.631258836
2	103.442398923
2	245.748717261
2	140.03260410599992
2	152.635192024
2	187.47839743299977
2	173.58520945799987
2	184.6742880979998
2	89.27928593999998
2	214.2377766760003
2	152.91890368399999
2	154.17142789099995
2	202.8326037339999
2	156.63537770999994
2	154.3264731280001
2	87.89276211000002
2	114.44276228799995
2	146.50158889699995
2	138.567543548
2	125.32168101
2	135.82113396700007
2	126.9160931740001
2	139.13986629700003
2	187.65566228900002
2	214.01292840999974
2	95.52708488300006
2	157.06641517399981
2	285.2339646129998
2	106.06504974900004
2	189.83378446100008
2	164.350060755
2	240.37329546
2	130.60077178200015
2	144.14962389
2	161.95443154699996
2	234.65432656700006
2	199.659682029
2	166.95175264499983
2	174.4752274219999
2	145.57630634999998
2	135.4535099550001
2	106.16687679300004
2	106.31577887299999
2	191.22884455000008
2	174.36419720100025
2	315.3276669789998
2	237.08461392599992
2	93.45243681599997
2	155.89643210200012
2	229.35966793900013
2	135.21368065600012
2	92.85268606000002
2	308.4248803839999
2	188.90481889500003
2	218.67007438500005
2	146.76132437800015
2	312.3735677689996
2	235.07848967599983
2	100.9542998589999
2	114.74044986099997
2	101.43752018599999
2	106.4728928880001
2	187.80666334700018
2	178.57459019700016
2	238.88054327799986
2	217.7638267080001
2	161.44781237799992
2	220.74968078600003
2	203.07713613599995
2	149.95756683399995
2	173.7424726619999
2	137.40622024700008
2	150.716353013
2	116.52223109900007
2	84.86455621299999
2	192.84627955699997
2	157.79083399699994
2	381.60572421900065
2	226.524101013
2	119.07070896300004
2	88.593121343
2	228.4331317649998
2	229.75043635700015
2	189.6268259159999
2	116.68707516699996
2	163.27059478800007
2	105.198907565
2	201.7046353540003
2	145.74578108500003
2	151.75589167300004
2	137.24230283700007
2	262.73724252500017
2	173.61552376200007
2	233.92831569299966
2	115.88712235099997
2	131.61836145100003
2	128.57333155899997
2	238.95390570600023
2	112.45203335000001
2	197.602256381
2	114.38563320499996
2	150.93057660800002
2	171.00749093199994
2	180.2671679799998
2	164.841822981
2	115.16026961100006
2	139.576771833
2	133.98578104499992
2	134.65113640700008
2	131.72144279899996
2	137.23771350200008
2	143.76400419000007
2	141.60103170200003
2	223.60506213600002
2	166.28121895299998
2	116.81312072900005
2	92.73591757600003
2	279.9149003690001
2	194.05391618100003
2	173.27956022700002
2	142.81239456400004
2	137.999054739
2	124.84522863999996
2	114.87275307700008
2	180.6580279430001
2	155.24844685799997
2	277.53587725200015
2	267.048620134
2	210.0695813840001
2	156.3934388409998
2	308.4200504119999
2	137.71666017600012
2	210.86636016600005
2	118.94763024500001
2	154.15697064900004
2	171.73011010699994
2	134.27240637699998
2	102.50005306599998
2	182.73929672699998
2	83.60482174900007
2	128.23584225699994
2	226.45851270999998
2	117.17982650100002
2	128.82750897300005
2	114.81402230599994
2	111.213102097
2	204.51700249100003
2	191.17111185000013
2	139.49454910100002
2	230.61003960000008
2	252.8718557239996
2	240.57158782099998
2	165.709658993
2	224.6183243329999
2	124.529994247
2	195.53836346100016
2	174.92642395199996
2	130.66341655200003
2	319.518641591
2	166.62888357800009
2	243.44422491000003
2	131.33888869999993
2	124.2157426329999
2	171.99582707100015
2	269.47057768600007
2	108.844559107
2	129.979842555
2	123.51418973399998
2	123.83661799000006
2	122.74282568799994
2	115.33650821
2	255.90912390799997
2	55.80409766899999
2	127.21021369800008
2	72.28651670499995
2	185.2069472159999
2	117.03248283
2	139.54646580800005
2	163.42403328900025
2	170.81570854100002
2	213.8737025460002
2	171.95041685899977
2	167.5658184110001
2	179.11942021799982
2	110.79667346800001
2	131.33603169300008
2	112.316465215
2	108.60210955900008
2	106.60772430399999
2	215.33032010300013
2	155.20712573099985
2	199.86580373800004
2	88.899908404
2	124.310950988
2	247.0905720339999
2	118.78995409499991
2	144.1639967060001
2	225.013272885
2	130.17446642899998
2	112.25916818999995
2	174.79390379500026
2	221.21302373000006
2	260.17199265
2	228.01814463599993
2	149.774930521
2	243.16734551799996
2	120.92102364399986
2	143.18714944600015
2	125.28492235099996
2	161.2545902309999
2	197.2353685979999
2	93.18178404500007
2	160.45208881699995
2	93.58800538799998
2	144.15700018699994
2	114.05968499200002
2	171.62083020500012
2	162.30383822099986
2	230.726069169
2	123.35639481799994
2	123.08723660500011
2	158.27579453400006
2	186.9989129459999
2	270.50062247899996
2	229.66986146999997
2	116.6291195359999
2	179.19929060599995
2	190.41003654900015
2	178.19993755099995
2	165.72865469399989
2	95.59462538200003
2	92.454261866
2	142.793533824
2	113.92397831200005
2	235.03214000600013
2	184.66129829099984
2	168.2130224399999
2	105.8616338490001
2	196.92111365700015
2	192.66328763600012
2	143.48135322499994
2	127.18641903500007
2	177.87006098999996
2	161.34768114999997
2	92.94967812399999
2	132.54998884499994
2	133.3973433360001
2	133.22595789899998
2	126.18741320700003
2	126.19216138599997
2	119.75992270600008
2	219.39343073500004
2	339.143526704
2	204.06931099200008
2	399.62090246699995
2	175.98610653500006
2	166.02291071899987
2	122.50076354800002
2	87.90268536100007
2	230.20177173100015
2	92.66595145800004
2	190.24665874
2	174.29984135600012
2	112.92824337200005
2	103.07530968699996
2	197.49617906900014
2	166.1300829070001
2	162.306642037
2	213.34074552
2	237.0619185269999
2	165.8882183299999
2	263.95810792200007
2	156.6778253379999
2	126.96365138800003
2	154.32271636000007
2	114.8791803
2	160.67676862400012
2	201.77428224199977
2	313.29065357699994
2	130.76134177400004
2	250.199535479
2	211.48783855000016
2	202.1241257149998
2	205.5168111369999
2	135.4669170889999
2	191.3974619509997
2	158.8925409579998
2	191.50827854599999
2	254.448191002
2	214.216249036
2	140.48748499400008
2	183.47990264099994
2	185.21872346000004
2	124.75506818800001
2	123.41134066000014
2	104.94634540999996
2	88.69698151599998
2	85.12987078
2	187.86227447899992
2	140.19461217199992
2	160.884835435
2	120.17032591299994
2	196.3963231850001
2	264.9356985020001
2	228.764107959
2	147.350885163
2	195.96190407400005
2	212.09250928600008
2	350.23308219200027
2	93.46067248499995
2	160.37402216500007
2	139.581445008
2	146.03378096800003
2	113.51285818700008
2	76.24616451399997
2	213.70116891300003
2	199.6059968740001
2	159.65710750599993
2	126.39566075099997
2	105.84395143799999
2	86.787678292
2	223.31227414999998
2	189.67557181500015
2	124.925854088
2	97.15282033800003
2	134.50363479400005
2	121.40896305600008
2	110.47671533799999
2	98.18122435599999
2	84.60258429599999
2	264.96961016100016
2	155.746622005
2	99.23972336100002
2	181.18257406099988
2	132.39801760300003
2	87.798354453
2	104.41516620999998
2	152.70722684900002
2	123.56061684299992
2	243.87790917899983
2	129.42109916400008
2	193.389496553
2	164.6182887350001
2	179.15785874400012
2	96.49167887499999
2	198.45006349300021
2	102.71287173299999
2	201.89912408700008
2	165.12875146999994
2	138.87050047599993
2	132.49855855700008
2	200.33585649500006
2	85.70284263900004
2	167.415936978
2	136.53636668400006
2	207.43684080699995
2	245.89620893900002
2	102.11009494099999
2	120.68179713399992
2	201.13466516000005
2	141.70859891199999
2	157.4891333410001
2	180.628090468
2	111.22043732399997
2	157.69758053199996
2	137.09109011399997
2	122.39936135400006
2	169.43380385099988
2	204.58616150000003
2	100.24973010699996
2	234.67516699899994
2	149.30064768099987
2	233.562330029
2	108.40907837300007
2	225.72518026000023
2	230.25568837600005
2	230.53354758899977
2	115.42102670899999
2	113.31361770300003
2	174.92449456100002
2	172.55765834600007
2	128.18446089300002
2	149.2015825220001
2	272.3428203949997
2	226.16623831299992
2	90.97322969100001
2	275.62273568899997
2	190.80324860400006
2	181.32143192700002
2	254.625881697
2	188.36590328800008
2	91.252686714
2	118.62296082399997
2	205.39355895999978
2	94.33210421600008
2	191.22901867700003
2	222.71969701599977
2	113.61653542700006
2	186.57318790900007
2	197.5479307840002
2	103.00457328900002
2	228.79214739600002
2	125.70783849099999
2	122.8674074139999
2	195.91579938800015
2	187.41434042500015
2	279.89561356100035
2	96.51517167699998
2	208.34724932100008
2	160.3472298679998
2	128.77923844400007
2	285.62256314800004
2	87.67969264000001
2	225.32761222700006
2	251.69342129300009
2	148.1481382200001
2	119.38979065500004
2	239.37556141099995
2	123.55866253699995
2	183.19861291699985
2	163.19358634299996
2	106.50695402400001
2	116.02045039099997
2	144.64134683500006
2	207.4379390809999
2	170.3903340039999
2	123.16182546899988
2	160.29482480300004
2	223.50197483000002
2	191.62621190300007
2	94.02817425
2	123.25620703700001
2	151.03171871500007
2	151.02290992399995
2	172.0861253589999
2	198.88579864199986
2	149.17545391999988
2	226.591123987
2	133.977986756
2	88.63207789600006
2	150.20155290799994
2	195.90256072799997
2	138.31767774500005
2	145.23407290899993
2	99.202560726
2	157.90114044
2	200.82012154099976
2	229.40472048499987
2	124.18591332999993
2	237.75175810999997
2	190.81612259600013
2	155.5393890069999
2	186.5732088079997
2	207.2048398749998
2	203.50174671700012
2	173.960878754
2	314.7131278410002
2	173.73800532200005
2	173.89765516800009
2	185.52874162200007
2	136.51470902200006
2	91.47392441700002
2	112.10407119800001
2	161.970132722
2	126.7063715319999
2	215.78756547600014
2	262.83858395199974
2	206.42305521800006
2	183.26628091800006
2	127.98558021100006
2	62.49773497099999
2	93.5582201750001
2	188.86050463399997
2	72.35954001300003
2	130.12469496099982
2	204.29714155500008
2	241.48814078100003
2	187.1451790109998
2	107.69370973499998
2	149.952853407
2	160.29008290300004
2	224.78099044099991
2	161.59019187299998
2	202.6883675419999
2	296.80281593600006
2	122.78696174400004
2	202.97039429100022
2	145.56569985299998
2	146.095964674
2	146.6948813540002
2	210.61992932899977
2	240.8282027290002
2	97.43015787200005
2	135.62806298299995
2	216.5590877899998
2	218.05525822400006
2	83.76142491800002
2	150.35870156300007
2	178.04639579300007
2	127.69025995800008
2	140.41448365199997
2	237.19403364100015
2	152.17130090400002
2	127.61124123200001
2	180.6271662069999
2	231.427984587
2	174.60593878
2	122.62398783000002
2	110.34822311999999
2	150.08869968799996
2	143.83270060300012
2	111.70833119899997
2	141.72565496700008
2	100.93687172499992
2	134.93735615800003
2	75.136484036
2	230.8910888819999
2	176.78515346599997
2	142.69545424600003
2	88.38216104400011
2	143.86069878899983
2	168.77003234899996
2	129.40002581199997
2	243.22147396800005
2	124.35872188599997
2	118.11892527100004
2	110.80316670300003
2	209.18411298599995
2	154.71030655599986
2	126.39119972699994
2	116.219846796
2	156.49738842400015
2	191.6323340770001
2	115.98850018900004
2	122.4357192689999
2	169.76176359000002
2	212.7133242329999
2	127.67825440999998
2	135.28011062099998
2	421.15308470400043
2	92.560139901
2	140.64933048
2	115.77615978499996
2	193.84200737899988
2	190.2655423850002
2	98.82565183099996
2	93.79860842799998
2	145.49099180700003
2	142.60318027599993
2	226.24686161700026
2	93.91349789400009
2	130.89824802100006
2	194.89935154200003
2	315.4419420269998
2	181.456620568
2	293.60528113600003
2	92.72792782600003
2	202.81447403499988
2	131.87632410199993
2	164.54846201799987
2	136.52121198099994
2	251.75299138800014
2	89.71797432799997
2	94.98385621100003
2	150.76898873500005
2	195.11070452199988
2	257.24727772099993
2	241.54563763900038
2	137.44734315999997
2	98.66535382200001
2	118.35406853199994
2	128.99893673199998
2	176.334897918
2	142.5449501069999
2	146.91070162600002
2	191.30220504100038
2	146.30309922799995
2	129.26030481699988
2	218.8362970570001
2	94.15564998699993
2	183.99270460200006
2	132.36592332299998
2	106.86556449999996
2	163.20256122600014
2	141.298195218
2	188.60262096399987
2	96.42090470299993
2	240.01543791600005
2	119.78108049399995
2	146.09100854600004
2	210.14516938899976
2	329.0004694900001
2	100.685072099
2	100.53639752199999
2	148.70884240499998
2	130.43319375899998
2	207.57868051999995
2	113.11304653400005
2	127.78424088399996
2	155.68920223200013
2	95.65797544700007
2	98.81538904199995
2	185.87464592099985
2	89.8990435269999
2	91.263886945
2	236.44938299400002
2	205.06784336400008
2	299.0423351350004
2	183.97673793999985
2	150.5270142510001
2	181.72521238299987
2	164.01543098599961
2	204.76792762399995
2	204.6401277980001
2	139.10778445000003
2	202.38886097499997
2	177.0143657859999
2	137.78445628699995
2	170.23336996
2	128.440863923
2	158.71954460900005
2	177.5733316329999
2	150.70393220899993
2	144.81694929400024
2	118.86034875199996
2	149.4518150650001
2	135.691293246
2	198.93681486600008
2	114.6102265129999
2	122.79798038899992
2	177.57470728699997
2	80.906064137
2	167.06707918299995
2	197.749647337
2	131.55881085799984
2	158.8943326849999
2	213.75515246199993
2	192.17745252000014
2	136.96451053800004
2	97.94896639300005
2	184.29002885999998
2	324.02471163900043
2	123.278483079
2	169.50198677299989
2	82.807246149
2	112.808505938
2	180.17991818000021
2	108.38398437999999
2	112.49070881000009
2	136.04627773099995
2	89.01316683599993
2	146.74116885100005
2	148.80007465899996
2	168.50113783999993
2	136.70767114300003
2	94.14693993699997
2	206.0887092300002
2	127.641266268
2	270.67312478699955
2	157.3676002309999
2	120.481637086
2	195.31447758000004
2	304.2256464919996
2	215.4512172710002
2	118.802391841
2	124.30636919600003
2	105.27286858600002
2	256.3604956179999
2	185.97636132000002
2	232.23327429199966
2	161.0143633600002
2	217.96378288599996
2	102.32184778500003
2	200.42971818099988
2	152.86414344899993
2	150.97148248999994
2	221.82394176700006
2	242.04754283900016
2	114.4425349559999
2	142.26243792700004
2	132.56046982599995
2	119.51037500599993
2	208.57441798600016
2	129.653821875
2	158.16898563100006
2	340.8324365159999
2	132.13513552199996
2	124.43231138600005
2	233.35759714100016
2	135.28999621200003
2	93.54698269599999
2	241.96779990500002
2	136.6731409490001
2	94.662314786
2	174.38897241499996
2	165.98178401200002
2	152.38004557999997
2	187.58037232100028
2	93.40329432600001
2	163.9675874449999
2	224.24821532400003
2	177.378078782
2	103.50105999500008
2	176.00226408999995
2	178.420695182
2	116.52080988499993
2	116.08474340499995
2	178.0055870140001
2	226.84294825600014
2	107.87314440799997
2	113.92002088599999
2	198.9425645099998
2	370.97020887300005
2	159.23447378600008
2	185.38361661300016
2	189.21419551699992
2	211.44101544800012
2	200.38812387799985
2	262.6604912349999
2	131.09401422099998
2	123.78997008599998
2	160.607006112
2	132.83920954600003
2	131.57630744600002
2	94.83577905899995
2	74.408324479
2	109.13915671700006
2	84.18818496999998
2	220.45154156899997
2	214.14605988899999
2	144.48616243399982
2	242.45418011700013
2	275.2296555220001
2	89.05291887499999
2	258.75528145700036
2	94.941331706
2	217.8691789159998
2	240.166183364
2	154.35376440299996
2	92.39378467900003
2	111.33553710300001
2	136.20111765000007
2	192.7776733010002
2	222.94357698299996
2	125.99740480300007
2	166.51628598399992
2	352.1128478480001
2	189.68840862000008
2	128.78132042700008
2	118.10377348699993
2	180.24244339799992
2	278.90620897699955
2	205.76476744500007
2	202.07068005399972
2	257.88133865799995
2	221.32932141299997
2	90.96314400700003
2	121.13797958999997
2	89.487407603
2	233.44695409600018
2	163.62268009099998
2	139.54419898400008
2	151.90443262499983
2	205.14152797499975
2	134.75006211500002
2	202.289472644
2	98.28038807899998
2	157.43417748599998
2	162.889008891
2	192.4601900219998
2	115.65571056899998
2	184.33856856300005
2	124.989840037
2	110.40509887899994
2	117.19419919200004
2	291.5779384809999
2	120.67537213099996
2	138.352526502
2	89.03655789199999
2	181.34424953599995
2	195.08997130699984
2	168.14205426200007
2	123.64719086700006
2	133.58787926800005
2	154.48226482899997
2	158.86057539000004
2	100.42774355700008
2	145.90552303999993
2	154.24567293299995
2	219.21297686199998
2	173.36118687799987
2	93.70174576100003
2	106.61420162200001
2	286.2503438099997
2	157.29647083199998
2	172.42338390900002
2	150.6036661759999
2	180.7071405430001
2	141.86851654
2	94.59525085199998
2	127.55502410899993
2	151.53365395000012
2	129.1889861579999
2	230.01352560600017
2	120.37034597300007
2	150.26538831000005
2	174.13146098300004
2	130.2242799779999
2	118.13505500599999
2	185.5314379659999
2	193.229348282
2	157.65175832400013
2	255.34546906499952
2	244.31391520900007
2	93.77219494100005
2	116.94254473600002
2	359.9697631609998
2	171.42964140599986
2	153.34458458599994
2	208.58360810700037
2	174.77479497900003
2	324.0323331750002
2	197.00434714699998
2	221.9951741460002
2	117.03720194400002
2	160.28155396899996
2	219.6877588720002
2	122.91686128200011
2	145.87869626499992
2	124.88896202300002
2	154.81944056299994
2	205.0477470689999
2	151.95364656499999
2	266.0375852379999
2	114.97834829700004
2	136.1418852490001
2	204.12726609899977
2	93.25420452200001
2	149.30489525399997
2	99.32423952700002
2	100.37304758399995
2	144.49522895499996
2	161.72444042799995
2	150.8214116850002
2	115.87227516999995
2	132.906475224
2	186.92579730500006
2	142.63322296200008
2	153.8104362669999
2	217.77870932899992
2	357.22045943999996
2	89.75906073799993
2	193.41466347500008
2	149.29733798300006
2	161.8934072650001
2	364.01584479700034
2	149.59724975600005
2	94.91883950500001
2	101.70918258300009
2	238.70277858499992
2	151.14578677199995
2	155.59663226800015
2	101.25577337399993
2	134.396086909
2	166.69522645699993
2	205.03798759799997
2	305.1166646930002
2	147.88576431199996
2	175.9886224480002
2	133.53593831299992
2	172.30410481
2	149.91435154400006
2	91.64490128399999
2	143.84707309799995
2	61.250077510999986
