2	0.003139187072657409
2	0.0025704939941885376
2	0.00347169067974119
2	0.002844361045415491
2	0.002989267379896592
2	0.003200783936878198
2	0.003015000379576454
2	0.0028100295651792523
2	0.0023836601034683226
2	0.0027945279802704653
2	0.0030429225868238664
2	0.002844932616068907
2	0.002945714492708134
2	0.002927097305465422
2	0.0034925370663563275
2	0.0023593276544922686
2	0.0025043273455334163
2	0.0026580988882278994
2	0.002982485064637617
2	0.0029990078740638262
2	0.0032940753450115784
2	0.0026665892031115385
2	0.002727170943293115
2	0.0032240201759778033
2	0.0026249455955428195
2	0.003278684497236363
2	0.003203703636721263
2	0.0022771163556008695
2	0.0031869421485998294
2	0.0030371453426899175
2	0.002501868297971704
2	0.0026902710615582886
2	0.0027754247474944174
2	0.002762031500976883
2	0.003120904089418277
2	0.0029986119057256676
2	0.0031234683432047657
2	0.002964975345536572
2	0.0026748936415737223
2	0.002391711613260931
2	0.002714460140584456
2	0.003214420701577862
2	0.0028308095850258083
2	0.002609826192982551
2	0.0028581956310491574
2	0.002950866111105779
2	0.0031091690456790974
2	0.003284743146472162
2	0.0033539164104634247
2	0.002881270601680058
2	0.0023755990219577177
2	0.0029575178516617626
2	0.0031794675100679046
2	0.003322617299209101
2	0.0032427362635890555
2	0.0017080532553402574
2	0.0033245694610178375
2	0.002609924446014135
2	0.002432093090882801
2	0.0028537865017426796
2	0.0027876998123846208
2	0.0029805960386612602
2	0.003082058014331994
2	0.0030148273583210303
2	0.002867900604290022
2	0.002442820344824594
2	0.0031149522587138032
2	0.0033028120761073635
2	0.0033946735215224255
2	0.0028698354211862905
2	0.0031537602965404847
2	0.0027269808880948324
2	0.0029588368222766017
2	0.0028638523910227017
2	0.002761443386360708
2	0.002923515878127753
2	0.002946563969062742
2	0.0028632236612518677
2	0.0027288566523532938
2	0.0030051034384108197
2	0.0029895849985250244
2	0.0027364932208901863
2	0.00275248122883886
2	0.0029775611037572156
2	0.0032434293347395186
2	0.002750611081854927
2	0.0028592061681376336
2	0.003381758765327491
2	0.002732462679020429
2	0.00305597041402634
2	0.002990297616886364
2	0.0030945727748656394
2	0.0028854196718739672
2	0.003208786972298613
2	0.002796234654483912
2	0.0025811037253014903
2	0.0023995784874748165
2	0.0030014115470178124
2	0.0030544194703046785
2	0.002485301033071905
2	0.0032762410914995797
2	0.003012707132720583
2	0.0034668410605350943
2	0.0031493597894292585
2	0.0031385537311810125
2	0.003263676481041265
2	0.002418964320214054
2	0.0028476279921633672
2	0.003488705057493429
2	0.0032475904352838978
2	0.0030042586677175727
2	0.0032950671065610257
2	0.0029738501518659943
2	0.0027261765712239517
2	0.003446132063735602
2	0.002800808187405356
2	0.003316034781708983
2	0.0034310211051230325
2	0.0030300716851668842
2	0.0026456002263633613
2	0.0029936963505480074
2	0.00306756962652263
2	0.003300483011849802
2	0.0028062305494532137
2	0.002986213601146322
2	0.00314218594854393
2	0.0032028651841542405
2	0.0028564745135178887
2	0.002860050899494536
2	0.003142261104145215
2	0.003279820982189782
2	0.0029877154771067328
2	0.0032921910224343906
2	0.00304437116766987
2	0.0032961352726604844
2	0.0029467656444404776
2	0.0028559117121276
2	0.003054070872781833
2	0.0030872363884654184
2	0.0030124705182108537
2	0.002929642020619762
2	0.003336619527205999
2	0.0034112282092572535
2	0.003240090018790196
2	0.002794036701151522
2	0.0031895206638274283
2	0.0033557309502855854
2	0.002882500568025006
2	0.0031854121716007504
2	0.0032642503886133535
2	0.0030879793439682083
2	0.00274524906143422
2	0.0027054792600600245
2	0.003345932021882179
2	0.003308295519684301
2	0.002835959270962101
2	0.0025515739044283457
2	0.003011283121974045
2	0.003464711411836895
2	0.0026656819521516423
2	0.0032457297597396693
2	0.002769865016095994
2	0.002948755258397357
2	0.0030629834079910503
2	0.0026620533647919377
2	0.0027203577014084613
2	0.0023654619420910923
2	0.002392857139708227
2	0.002550232586377849
2	0.003591026231276185
2	0.002815880356245369
2	0.003243763321564565
2	0.0029863040541082244
2	0.0026231177762623312
2	0.002950442014457148
2	0.0030595539696939337
2	0.0026803185226221956
2	0.0029126503953916584
2	0.003446022523378336
2	0.0029544309752760275
2	0.0025773722648625617
2	0.003174235306250735
2	0.002973054652925215
2	0.0030908248198522914
2	0.003486120248647198
2	0.0032264747581842975
2	0.0031512784619710027
2	0.0027114593817302197
2	0.003412734066012272
2	0.0029246967457910024
2	0.0030631150384625595
2	0.003156589198479007
2	0.0030676956416752824
2	0.0032940801704636597
2	0.0033594058380275638
2	0.002951119838151959
2	0.0029159854618642706
2	0.003116458611258291
2	0.0028738290349297714
2	0.0034271878665809567
2	0.0028042087901999427
2	0.003134489817815175
2	0.003511818344781171
2	0.002684693469235798
2	0.0031400092991356763
2	0.0033593635740796946
2	0.0030612962233420573
2	0.0032261246130466993
2	0.0027070950553463166
2	0.0031924498141220376
2	0.0031653984102108933
2	0.003129449242487007
2	0.003356719469715854
2	0.002897669018427242
2	0.002896949226505788
2	0.0029173080822955406
2	0.0024537166570960172
2	0.002927702661373338
2	0.0031490158596134254
2	0.0027402444908758363
2	0.0030305558869349104
2	0.003444674372524642
2	0.0025663406255917016
2	0.0021645657461468854
2	0.00313411223606192
2	0.0032525307750307653
2	0.0031408811366904175
2	0.0028160159528145936
2	0.003306359498339082
2	0.003371188622486872
2	0.0031969771961701237
2	0.0025306095871286895
2	0.003072208269291987
2	0.0030618872729120572
2	0.002751616418643921
2	0.003118199517325404
2	0.003104083121045002
2	0.003254652539298609
2	0.003016901359765837
2	0.002487008126859584
2	0.0027142169114939296
2	0.0029615031374650626
2	0.0027931821156876218
2	0.0032453661881313295
2	0.0029911976812280836
2	0.0031070544845115703
2	0.003129438126001414
2	0.003550558984516646
2	0.0032431947699315365
2	0.0033500479489838716
2	0.003504933846294779
2	0.0033681731232186375
2	0.0031422635347393268
2	0.0030677752207692237
2	0.0030015613049143674
2	0.003588297727950614
2	0.0032633046881685953
2	0.0034049621015758715
2	0.0025456377970225325
2	0.0021541692566332945
2	0.00256238078862471
2	0.0027635088607753577
2	0.003209734661500325
2	0.0021620099362990456
2	0.0036163333403649157
2	0.002968130480655168
2	0.0032801366929551576
2	0.003154566955559013
2	0.002586802021969915
2	0.00294834756859595
2	0.0029586132506545758
2	0.0030141665370209338
2	0.002764801051697504
2	0.003352230645272573
2	0.0026630000506607807
2	0.0029830085506870993
2	0.002882445766620517
2	0.0021945974247764145
2	0.0027920986891705364
2	0.0025419484103935803
2	0.003135184676761274
2	0.0031906764123756062
2	0.003087056456334741
2	0.0031412243810384315
2	0.002633300870635429
2	0.002672215875397514
2	0.002798762324190005
2	0.0028080600646118027
2	0.002815953059809762
2	0.0026824290281340347
2	0.0030982455103215492
2	0.0025042332336772228
2	0.0036160726361006736
2	0.003472755943447537
2	0.0031210211513027475
2	0.00249053496825192
2	0.0026756989869101914
2	0.00285949705115173
2	0.003230382976868269
2	0.003039061574118477
2	0.0024944052100850257
2	0.0028790690042029992
2	0.0033700528900854946
2	0.0032380547442242245
2	0.003034093132345876
2	0.0031062499093514485
2	0.002951462715563175
2	0.0030259042629301233
2	0.0028187715089440413
2	0.003024757764527863
2	0.002951716814377442
2	0.0029664187668544165
2	0.0033645896613302083
2	0.002726674850928552
2	0.002915233021234654
2	0.0030207387066277236
2	0.0032720155090339956
2	0.002645583671978023
2	0.002841907679841292
2	0.0028066070829190996
2	0.0031643133707156246
2	0.0032027382818574255
2	0.0024648905621390813
2	0.0030099643016798295
2	0.0028733866592681265
2	0.0033059387473194316
2	0.0031604759638026694
2	0.0025398079304080772
2	0.002814705719945119
2	0.003142579691436516
2	0.003357799079194593
2	0.0035411471026330944
2	0.0030296985407770325
2	0.0032531212328392495
2	0.0030235134698094945
2	0.0027068887779273824
2	0.0022507422718473446
2	0.0033699564509721844
2	0.002900140204433376
2	0.002841901505188804
2	0.002993754582777344
2	0.0028697098576672005
2	0.0028090803531639723
2	0.0025790039950731457
2	0.00281277208974793
2	0.0026912492464872986
2	0.003134132100415633
2	0.002810920379464044
2	0.002989008353702843
2	0.0029825896547733973
2	0.0029804323542931355
2	0.0029697666325910095
2	0.0031782017376853935
2	0.0030216113850323884
2	0.0032720832210476414
2	0.00327188635939402
2	0.0033563936918716715
2	0.0023813008986865456
2	0.002716537199264905
2	0.0035262714334080673
2	0.003351767327222975
2	0.0030045876671080753
2	0.003082696049874906
2	0.003572293393075234
2	0.0028617535257540287
2	0.003250911930733353
2	0.0030958078127520457
2	0.003067508140678009
2	0.0029203676935586733
2	0.002748015039517463
2	0.0031089898899319406
2	0.0034602846583611426
2	0.0031039239746117817
2	0.003241769222247585
2	0.0032052978055845836
2	0.00322450828214717
2	0.002855797023635268
2	0.0030348667825108866
2	0.002876719290050022
2	0.003263234578733011
2	0.0033332995445712293
2	0.0022802228016508544
2	0.00273631470561108
2	0.0026426682797062056
2	0.0030553753091991515
2	0.0031377395959590665
2	0.00314790583061085
2	0.0032886405491091997
2	0.003183587950150487
2	0.002718556120561292
2	0.002625413787879167
2	0.0030407101492825376
2	0.002898583611391023
2	0.003229270815956877
2	0.0029860251047276027
2	0.0028817112965802438
2	0.0029510890134468717
2	0.0027186129572510467
2	0.003188492406236159
2	0.003116407414725103
2	0.0017497777897644174
2	0.0029179478185938643
2	0.0031122033916657944
2	0.0034736368026609603
2	0.0033531241079880875
2	0.0026613765303468455
2	0.003381992968025207
2	0.0027017620235732656
2	0.003178695742888446
2	0.003583150395170197
2	0.0031176092472644593
2	0.0023554158730997553
2	0.002643836950124095
2	0.0022490879145524415
2	0.0035355052529192285
2	0.0026147697931222695
2	0.0031916059808350544
2	0.003166990408219468
2	0.003117271953956901
2	0.002788819544058171
2	0.003034091862079309
2	0.003174698097862005
2	0.0030757360373257804
2	0.003315159217914065
2	0.002877708499116641
2	0.0025051162758361373
2	0.0026885276260866513
2	0.0023260843430205308
2	0.0027437539272528078
2	0.0033125019520411788
2	0.0035263428389265177
2	0.0027647986759856374
2	0.0029278006838216746
2	0.00291038658696083
2	0.0025759190068103664
2	0.0032229863915713463
2	0.0029201163416136904
2	0.002958998850236267
2	0.002506759556044726
2	0.002491395127707743
2	0.00261210118454328
2	0.0027075364016624238
2	0.0028802794987515083
2	0.002773258125449519
2	0.0031502335935658593
2	0.0033415699405904714
2	0.0032607229996064633
2	0.002738433946842479
2	0.0029161830872433707
2	0.003057214343630133
2	0.003248239551491759
2	0.003012729630826147
2	0.0031980117663975394
2	0.002849892552395242
2	0.0028672137577721904
2	0.0030381228508996553
2	0.003067760628660113
2	0.0032375646252798423
2	0.003070308785241184
2	0.0029114845396900372
2	0.0030142892078868283
2	0.002613539271534155
2	0.0032671328509775743
2	0.0029471875212955774
2	0.0030782043883535518
2	0.002229174174966884
2	0.002603581041264167
2	0.003323052263083611
2	0.003177313472937638
2	0.0029866542109861305
2	0.002620422913410097
2	0.0027629476142367916
2	0.003244012246207417
2	0.002906481705907043
2	0.003343944179871891
2	0.00182861221332783
2	0.0028421909196511435
2	0.0029236230999475326
2	0.0029284948834072027
2	0.0032498236707141346
2	0.0031193815667385433
2	0.002856314020825921
2	0.0030242540048941928
2	0.0027826269111260937
2	0.002889505718652749
2	0.003142499036269297
2	0.0026817167433493844
2	0.003060919578410036
2	0.0027659006161865588
2	0.0033426313405467973
2	0.003164193814204926
2	0.003214590474629895
2	0.0027892145027155098
2	0.003058351764037861
2	0.0031227528310378604
2	0.0034638513774301292
2	0.002738540284776595
2	0.0033055422457163373
2	0.003162800048454275
2	0.0034227166117164064
2	0.002674069157273547
2	0.0031410854660244023
2	0.0027935339905902266
2	0.0032449558818358594
2	0.0035281484947645055
2	0.0031880365492807823
2	0.0032618389416909
2	0.0030989188391551082
2	0.003144662328351489
2	0.00256064070214675
2	0.0027576859026761176
2	0.0034488906835665315
2	0.003193804892503566
2	0.0031637161235981448
2	0.0030460535200008366
2	0.0030880072311865714
2	0.003248104587575017
2	0.0022376443771412046
2	0.002848026192565205
2	0.003523810851278458
2	0.0031185693021868245
2	0.002251959930699745
2	0.0033270928900613708
2	0.002467084295702381
2	0.00295551628851164
2	0.003045031106326237
2	0.0019464305867309291
2	0.0031311031988680246
2	0.002970021769172634
2	0.0029086622475363853
2	0.0026235441979549326
2	0.003326493852179132
2	0.003107956202555985
2	0.003046072615453659
2	0.003166140071273402
2	0.002576508468952153
2	0.0031855043314797976
2	0.003482966300388152
2	0.0030361854503976405
2	0.002651992911287938
2	0.0028022140610125743
2	0.0033590247937835844
2	0.0032611648361904368
2	0.002334149187230284
2	0.003195701077075856
2	0.0028472589641521696
2	0.003446913658269537
2	0.003100491061128098
2	0.0031681938719972003
2	0.002936242390510412
2	0.003203129060915495
2	0.003013219597243822
2	0.0026000533930857993
2	0.0028156267499917843
2	0.0027878092030453713
2	0.003374590621771088
2	0.003035447019440033
2	0.0031416241616341626
2	0.0030916988661794874
2	0.0031437078564701564
2	0.0034439631921393743
2	0.0027882859441442187
2	0.002633294269665187
2	0.0032728627553173834
2	0.002895441010652349
2	0.0029043589849889052
2	0.002454834903399504
2	0.0026081915021856803
2	0.0031458830801546407
2	0.00313729071004222
2	0.003263358580190091
2	0.003116475870644327
2	0.003008410172280689
2	0.0028096344280221486
2	0.0034989814275952235
2	0.0026719348424505034
2	0.003065347459190817
2	0.002349629915000522
2	0.0030976510701423996
2	0.002964693714680835
2	0.002717417049282022
2	0.0027042455074345446
2	0.0031242303113543676
2	0.003147267065020575
2	0.0022789701631528553
2	0.0028929918226027556
2	0.003038778638990704
2	0.0026014025401933276
2	0.0024534869052822445
2	0.003311570731206469
2	0.0029726445484034476
2	0.0029659512071588275
2	0.003247013172959784
2	0.002977069386318308
2	0.002904856187495148
2	0.0033468262874095634
2	0.0031478915829067713
2	0.0032175287622475276
2	0.003049476708019083
2	0.002771722783281065
2	0.003112887620210004
2	0.0033183165951011554
2	0.0032518731288791215
2	0.0031369044283820996
2	0.00268065316009818
2	0.002646067359804109
2	0.002292020815102528
2	0.002639518170897576
2	0.0025894287752487883
2	0.002910645687029746
2	0.003327812646714896
2	0.003100903414681489
2	0.002869366906678427
2	0.003226822474320683
2	0.0029825920311011074
2	0.0032728780484160497
2	0.0026251096849357375
2	0.0028366829275019924
2	0.0031041407230888267
2	0.0027392320751454652
2	0.0028409226827207875
2	0.002501495800883918
2	0.0032292032959606995
2	0.0032182324008784096
2	0.0033101101821491215
2	0.002790450621482403
2	0.003159891787555697
2	0.0031646917551182985
2	0.0030410848496587903
2	0.002908971045702497
2	0.0025664022190288196
2	0.0031580284974951716
2	0.0030011267859619255
2	0.0023292860867959587
2	0.002527108043454969
2	0.002132259510718567
2	0.00323895622649088
2	0.0029303273167429486
2	0.0030208084018785533
2	0.003162807022263526
2	0.0027732397483556975
2	0.003209325618615552
2	0.003474688162090149
2	0.003284029496563232
2	0.003014643337082895
2	0.003013516074280525
2	0.0032223152440608647
2	0.003127445043024007
2	0.002795730560651914
2	0.0025560004160418777
2	0.003276130991199234
2	0.0029667500184547293
2	0.0029280400387987297
2	0.0029275613621971884
2	0.0028915651952774045
2	0.0029857251088774416
2	0.002773045897134654
2	0.002830939731885777
2	0.0026136913067197325
2	0.0027148447645705337
2	0.003243283842937361
2	0.003106825381344184
2	0.003345844031096236
2	0.0029720056836309364
2	0.0028719067200583905
2	0.0032406301871282426
2	0.0032092285131019426
2	0.002802509021497108
2	0.002959707400340862
2	0.002701711771308554
2	0.00220491668315379
2	0.0031553357508305054
2	0.0033194412813500147
2	0.0029401319487627783
2	0.0034055127898537816
2	0.0031850738426541275
2	0.0034270020416892117
2	0.003458139366820713
2	0.0027497929780808156
2	0.002390392655205382
2	0.003057544818790612
2	0.002883413024862114
2	0.0030685778600589866
2	0.0033962858776344276
2	0.003137301243841874
2	0.002591902465873983
2	0.002346872595637175
2	0.003558398255230006
2	0.0032103117507911844
2	0.003182592121649895
2	0.0030145724203504316
2	0.003151836800620351
2	0.0029063015006285877
2	0.003258287284587286
2	0.0031917746216985478
2	0.003122007591566917
2	0.0025286807755603795
2	0.0029826717366601774
2	0.0028152080253531857
2	0.0024321333608391866
2	0.0034089376581562815
2	0.0028503720203414172
2	0.002840538679356291
2	0.0032265147353187007
2	0.0032750935981403838
2	0.002733186210177439
2	0.0032387746927881886
2	0.0027090304458603845
2	0.0030134797936299954
2	0.0029020127165794115
2	0.003384218889679851
2	0.0030492134226774432
2	0.0029133377661823175
2	0.0029205119297395317
2	0.0032405455993504413
2	0.0033706952254613813
2	0.0033734712493910407
2	0.0027557453703759877
2	0.003052214629730845
2	0.00261522564103108
2	0.002902571218334119
2	0.002969776021701863
2	0.0030176980302672376
2	0.003466877423706893
2	0.002868739669104762
2	0.003104429072292712
2	0.0030019020997691017
2	0.00320441078804485
2	0.00316746751506196
2	0.002747948074352951
2	0.0033610942655863223
2	0.003393047381477072
2	0.003267586935586979
2	0.0026206220632368155
2	0.0032076010703825032
2	0.003033227002039698
2	0.0034849569516288035
2	0.003175602082794898
2	0.002886282487474687
2	0.002695004819538775
2	0.0032467735905291006
2	0.00300835023833995
2	0.00330377252481181
2	0.0031214374935278006
2	0.002704289842746665
2	0.003086417019904114
2	0.002986328693994638
2	0.003195790732998507
2	0.0028209640095751345
2	0.0028970022762509246
2	0.0033080519896572396
2	0.0030496300037160607
2	0.002636794304525237
2	0.0028973933004751077
2	0.0035146670846725805
2	0.0034441428160006888
2	0.0029314818004928236
2	0.0027759237559508566
2	0.0028683241556904313
2	0.0031562662145577383
2	0.0029365557652692464
2	0.0029671921615252706
2	0.002611286196346127
2	0.003169712985358345
2	0.0029534339620319776
2	0.0030499108988478346
2	0.0027662959144771544
2	0.0029029917100560996
2	0.0031920966811874057
2	0.003372528686116605
2	0.002684982012456598
2	0.0035492218090296722
2	0.0032872417938907693
2	0.003038052220914416
2	0.0034135785217095436
2	0.0030735668586557865
2	0.002743469832250695
2	0.0029241741091731617
2	0.00339899087650007
2	0.0031360858556258365
2	0.0030491016502495697
2	0.002975082207737225
2	0.0026579158355564876
2	0.003381225194827872
2	0.0032131615167849395
2	0.003090591675126177
2	0.0032547863060790644
2	0.0031976770982987133
2	0.003063692569958594
2	0.0031979027670552412
2	0.0022963070086342084
2	0.003223120839618922
2	0.0024339170185044812
2	0.003243829845620863
2	0.003363695581308443
2	0.0029563678059357614
2	0.002675186373949951
2	0.003219549729061155
2	0.003352084787741583
2	0.0028145077890053528
2	0.003335915449860993
2	0.003301007025353961
2	0.003202626689381007
2	0.0031632996167658867
2	0.0027430072929105387
2	0.002842526089692376
2	0.002951159294596231
2	0.003217749758503718
2	0.0029909391104838146
2	0.0031483410450224157
2	0.0030769593598694595
2	0.0030634830092033227
2	0.002954686138498263
2	0.0030420953395534664
2	0.0029323903390947553
2	0.0029250484248466
2	0.0026860620286229186
2	0.0029623864581441494
2	0.0034181601782012553
2	0.0027800021376014616
2	0.0027903977771964834
2	0.0028262228684487398
2	0.0032426828304441963
2	0.00270405164177606
2	0.0025554173503841123
2	0.00322738587580162
2	0.0032071985390026954
2	0.0029989373610913687
2	0.002634377940443657
2	0.0026467862678557644
2	0.0034359317602504617
2	0.0022773746631069305
2	0.0026958127087649626
2	0.003343715058092747
2	0.00304827596653921
2	0.003338131259661414
2	0.003390881984935548
2	0.0029372046514501214
2	0.003448517148428196
2	0.0033110836932835797
2	0.0031353264124888386
2	0.0031820462109953414
2	0.0030450029921889324
2	0.003264993383023424
2	0.003067458049896536
2	0.0023967918706759195
2	0.0029926032440667264
2	0.0029529537887299
2	0.0029081399017715677
2	0.0030798171811795873
2	0.0030451309213376607
2	0.003267023641500857
2	0.0023939480682450857
2	0.003405865739752684
2	0.0032918739034609296
2	0.00260212810165998
2	0.0030974449928907574
2	0.002848329961973555
2	0.002604412537813428
2	0.0022241244696556625
2	0.003297871897516772
2	0.0031769288138428983
2	0.002284065691962436
2	0.003313849755777728
2	0.003308781096493618
2	0.002912044032680559
2	0.0032990307429712575
2	0.0028491864432230608
2	0.003119652548860627
2	0.002717208591904155
2	0.00296478107191997
2	0.0029897545342578505
2	0.0031217930681868384
2	0.003081971796069523
2	0.002960337441016027
2	0.0029116444169537004
2	0.0027129051015756587
2	0.0029479160099744254
2	0.003016305627663799
2	0.0030814658142884546
2	0.002792934296260747
2	0.0032216983302864
2	0.003213668734590706
2	0.003010866046560926
2	0.0021972630927905544
2	0.0030426432572117205
2	0.003235840297717152
2	0.0031564336470571697
2	0.0030137472545444808
2	0.003111128895920991
2	0.003081750227135624
2	0.002223414961142475
2	0.003034340813991874
2	0.0036918725155781055
2	0.0027540847417257225
2	0.0026261497700715286
2	0.002784399827203853
2	0.003263607134751773
2	0.00308879080884266
2	0.003243617837810921
2	0.0027389705294310206
2	0.003169563163662067
2	0.002996113528559128
2	0.0031840313788604555
2	0.0026598549124409085
2	0.0030274698825089245
2	0.002788280435671419
2	0.0029787208710537524
2	0.0031000198126845007
2	0.0033690685010454944
2	0.0029213837967572787
2	0.0032637958170719005
2	0.0031476763855661253
2	0.0034123203477559472
2	0.003094035095479945
2	0.003320526695194687
2	0.002907325929222464
2	0.003468176935011361
2	0.0028899614438667055
2	0.002084683199059928
2	0.003404719447821724
2	0.002709888418681209
2	0.0022339706921687204
2	0.0029587368130635375
2	0.002967709207574801
2	0.002875406607593355
2	0.002349604924396175
2	0.0024983265667736813
2	0.0031640907364176313
2	0.003536017308164848
2	0.0031736444941530668
2	0.0027926303178047174
2	0.003183722132051873
2	0.002736443624525262
2	0.0034010919229871795
2	0.0027599481834229313
2	0.002982578780744912
2	0.00338334658364233
2	0.0026431606955371312
2	0.003411613697855432
2	0.002197385030942499
2	0.0028765150414543474
2	0.003356721165724518
2	0.003478104383303472
2	0.003351640691747811
2	0.0032057625300828795
2	0.003104885144846902
2	0.002668119439490962
2	0.002507766050546427
2	0.003538528441128338
2	0.003475309989406867
2	0.003046913147157283
2	0.0029209057908874633
2	0.0033347783600726267
2	0.00230326307872667
2	0.0031189400058061873
2	0.002733629151572549
2	0.002682073168306237
2	0.0028944890432822125
2	0.0030995247083167826
2	0.002994786735649786
2	0.0033024925677961683
2	0.003177847509472731
2	0.0032265068743837257
2	0.0028914759709047846
2	0.003423911404806621
2	0.0030500470259619407
2	0.002687825094388948
2	0.0032592084669878308
2	0.003221116360367537
2	0.003047827209889991
2	0.003512196288625504
2	0.003314131428289565
2	0.0034550329026779153
2	0.0031367025834942823
2	0.002028792581684117
2	0.0026717758220902526
2	0.003353431371718214
2	0.0027851683040089567
2	0.0032798274408478026
2	0.0028769170457208573
2	0.0027009973995762203
2	0.0032855823017037024
2	0.003015658732698565
2	0.002967731822753687
2	0.002870111491211422
2	0.002645008221706046
2	0.0028415203304615476
2	0.0030476459327912304
2	0.002963200073449277
2	0.003208543057289838
2	0.003169931831216687
2	0.0032941689706425794
2	0.0029404931263067083
2	0.00306182780417761
2	0.003146419689202357
2	0.002104702407885905
2	0.0029375332977493894
2	0.0025939003169178554
2	0.0026966347968074263
1	0.003241522083297412
1	0.0028401646933697527
1	0.0031706992485483246
1	0.002995423941522698
1	0.003385631610693111
1	0.002474347010308872
1	0.0029474315472992093
1	0.003359630723692033
1	0.0034854453650892845
1	0.002924604950902215
1	0.0027857710746666525
1	0.0031004678467444224
1	0.003802191146439626
1	0.0035216546839288874
1	0.00353372916657226
1	0.003270364264894029
1	0.003404334741052032
1	0.0033890904691081625
1	0.0023059671128889715
1	0.003159340174252555
1	0.0027446931321829064
1	0.0027711799155308373
1	0.0035034351405617446
1	0.0036456610977245686
1	0.003389225928883926
1	0.0031845489265403984
1	0.0034955675797726086
1	0.003375241280122233
1	0.002456445602809181
1	0.0033111770342722094
1	0.002980005974821993
1	0.0032246208293961005
1	0.00282098936757342
1	0.003372536179594963
1	0.0033920330453976483
1	0.0028287370000314115
1	0.002917280889355386
1	0.0034140257152161105
1	0.0027967372478675256
1	0.003237608367477397
1	0.003338814868105972
1	0.003232207133040579
1	0.00316748154078441
1	0.003157074864120435
1	0.003203200234870225
1	0.003311763217377996
1	0.0036252134090488707
1	0.0027437617402985477
1	0.00373676263790266
1	0.003553039793549656
1	0.003197811060464467
1	0.00351969610733941
1	0.0033103520986962386
1	0.0034981648473136682
1	0.0030207625987325637
1	0.0029583686993624255
1	0.003399561328503795
1	0.0031028852091323712
1	0.0036487309023045737
1	0.0033822902429779425
1	0.0031283823203590647
1	0.002956032821798952
1	0.0027039237288518205
1	0.003419972349513137
1	0.0031323203152387293
1	0.0034633065163490475
1	0.00359757448703226
1	0.002895933044398607
1	0.0033108327943950837
1	0.003112063607603262
1	0.0034714825891492994
1	0.002518237091943508
1	0.0029362813830023284
1	0.00346508580220085
1	0.0034339999634741187
1	0.003524822859830422
1	0.0035780217558114007
1	0.002958132880034838
1	0.002839624268070452
1	0.0033572648263394964
1	0.0031843940922525057
1	0.003586498750933175
1	0.003166945980423021
1	0.0034464724938498034
1	0.003217679984462077
1	0.003322303894292196
1	0.003390693527079556
1	0.0033937656222549116
1	0.002930786534714353
1	0.003261626992914853
1	0.002926739528507121
1	0.003205555694776409
1	0.003348797521132811
1	0.0031678712223301366
1	0.0028860092991499454
1	0.0031904396993859495
1	0.0029241424078335835
1	0.003282744367952413
1	0.0033117822390819978
1	0.00271479265147778
1	0.0027253370333153427
1	0.0030475347047210456
1	0.003364862706511396
1	0.0030461227911920854
1	0.003554116973823489
1	0.0032822000167844773
1	0.003125340433367091
1	0.0031053556230485175
1	0.0031520940764792416
1	0.003087161696034571
1	0.0034356535492673455
1	0.0029994952627488167
1	0.0030483451630384144
1	0.0031180863420130966
1	0.0027531852175389647
1	0.0032847368867967787
1	0.00348789826106372
1	0.0033396887630343726
1	0.00319671302255938
1	0.003030823279978951
1	0.0037298425449612854
1	0.003237603512074196
1	0.002884924936681973
1	0.0030438927898709355
1	0.003508965828214513
1	0.003003930735263383
1	0.0031290478179301097
1	0.00329919488933187
1	0.002133193543264712
1	0.003432878149923228
1	0.0027855128615423674
1	0.0032184937672125958
1	0.0028954521218785747
1	0.003030265323385924
1	0.003157006526528241
1	0.003651522496459883
1	0.0032983035960842924
1	0.0030146673824212465
1	0.0025197289449457806
1	0.003704932403102338
1	0.003336831935452684
1	0.0032425092951166544
1	0.003372227315362672
1	0.0031613184608764683
1	0.003263576328701246
1	0.0027871337033750984
1	0.0035844065890666198
1	0.003032397481310171
1	0.0031343074997943975
1	0.0033513521636795453
1	0.0031596425687039297
1	0.0029853498536547007
1	0.002611162247281545
1	0.0029731832500430027
1	0.0032153014787150167
1	0.0030308254454012853
1	0.003134553830972506
1	0.0030925637533935663
1	0.0036139282576609947
1	0.002585318653468243
1	0.002687634497241849
1	0.0028661453383244957
1	0.003159826775509867
1	0.0031521691403556644
1	0.0034504985428085895
1	0.002856812703527537
1	0.0028932181812365222
1	0.0033594439915588387
1	0.0027922530608019375
1	0.00341405376284573
1	0.0033013667510463154
1	0.0025012059702664013
1	0.0033407276900003914
1	0.0032140443308141813
1	0.0027720200801482596
1	0.002903509562913182
1	0.0029616140319899346
1	0.0029294139123112206
1	0.0032820076674358375
1	0.0031694709208450658
1	0.0032464491214006966
1	0.003145569453287162
1	0.0027931757644240568
1	0.0025791056324827185
1	0.002921990757212967
1	0.003374430996791585
1	0.0030488070227692025
1	0.002799439187157418
1	0.003023024775492803
1	0.0031107603821006044
1	0.0032320041392855593
1	0.003421184428351693
1	0.003500867737830432
1	0.003077877577942997
1	0.0025787752536669045
1	0.003087377677950865
1	0.003355281913273035
1	0.0034835770056128113
1	0.0033806906606831497
1	0.0019797009341932506
1	0.0034748183223022454
1	0.002836387316383835
1	0.002658542911967776
1	0.0030368241958318365
1	0.0029888668486711097
1	0.0031618154097401148
1	0.0032206081852914647
1	0.0031717943795483007
1	0.0030493870818877142
1	0.002631688332296432
1	0.0032564607083616446
1	0.003444167585180488
1	0.0035169320553769864
1	0.003026580200208792
1	0.0032872888727062664
1	0.0029342620471532947
1	0.003124910354615206
1	0.0030014545167800933
1	0.00293070544375962
1	0.0030977223965989666
1	0.003127772501141781
1	0.003055610354273973
1	0.0028966759873728697
1	0.0032026622928330232
1	0.0031833996583352873
1	0.0029214406814229007
1	0.00293805259962931
1	0.003157306300259701
1	0.0034086985913834855
1	0.002932474801198186
1	0.0030459566209151087
1	0.003493791378460895
1	0.002938982480009314
1	0.0032284692547958154
1	0.0031642605232417745
1	0.003253027771475303
1	0.0030376022326607873
1	0.0033851364733187713
1	0.002996729948711599
1	0.0027978172124335067
1	0.0025934680004952924
1	0.003148747116324287
1	0.003238366742557812
1	0.002643092898394764
1	0.0034393773635516497
1	0.00316855148970794
1	0.003626223358233478
1	0.0032844286408535654
1	0.003300893918823021
1	0.003432606152280529
1	0.002645502640093439
1	0.0030043473472253215
1	0.0035978177153890636
1	0.0034314764845032827
1	0.0031470666267108703
1	0.00344625593314563
1	0.003102326845414683
1	0.0029046659393601594
1	0.0035422348474704055
1	0.002965931331406839
1	0.003443103299952271
1	0.0035490818119902103
1	0.0031671696288423207
1	0.0028816562069774736
1	0.003146324114674891
1	0.003229507697797586
1	0.0034405680384050194
1	0.002988658740574387
1	0.0031454482842990877
1	0.0033061047629107374
1	0.00334917393106205
1	0.0030581894145877415
1	0.0030832741830469986
1	0.0032752367618111384
1	0.00338819561265638
1	0.0031497690310384892
1	0.003403773172494505
1	0.003209251970481537
1	0.0034459779444131664
1	0.0030967766480512267
1	0.003024736947928711
1	0.0032097876886660395
1	0.0032435721957863087
1	0.003208653073862067
1	0.0031019935673689504
1	0.0034489054221647606
1	0.0035393596822811805
1	0.003372992594890632
1	0.00296416483535097
1	0.003328080371195281
1	0.003481835536608661
1	0.0030595029734360427
1	0.0033407340969548744
1	0.003413208324956958
1	0.0032357305809168958
1	0.0029543471373400963
1	0.00289344286147811
1	0.0034780391789231676
1	0.0034506858022319755
1	0.003013803834576124
1	0.0027547705974858717
1	0.003141667503399821
1	0.0035784704618212725
1	0.0028511818185678736
1	0.00337210068309239
1	0.002945844067328368
1	0.0031139339428588654
1	0.003169772373472337
1	0.0028097218298561645
1	0.0028857023009283417
1	0.0025729906795376985
1	0.002594897612008979
1	0.002760046270118483
1	0.0037103099603322275
1	0.0030289440682864793
1	0.0034143428381995036
1	0.003131056842979294
1	0.0027941643749785114
1	0.0031091225245031733
1	0.003232665305848993
1	0.0029202969963954754
1	0.003096289129033452
1	0.0035509053927792493
1	0.0031010343501407613
1	0.0028011371032773172
1	0.0032881172855839195
1	0.0031341643947118284
1	0.003260477104652195
1	0.0035857954777968057
1	0.0033644485527072
1	0.0032886971300602197
1	0.0029084929833966384
1	0.0035270295161150215
1	0.003059413302458047
1	0.003253425441127939
1	0.003308132446182183
1	0.003214260749690818
1	0.003434033736986003
1	0.0035087761125590484
1	0.0031118534856468746
1	0.003127764819852542
1	0.003275571848638564
1	0.0030495150732636
1	0.003551163187477165
1	0.0029988927128619496
1	0.003292096575146928
1	0.0037428785197663496
1	0.0028818596974656964
1	0.003289146756520293
1	0.0035041940148717128
1	0.0032241875313548064
1	0.003373909877527983
1	0.0028905250328167998
1	0.0033277034482126614
1	0.0033445443188615497
1	0.0032701529159569684
1	0.003491134708208955
1	0.00306123782900348
1	0.0030710117830731612
1	0.0031126680174108096
1	0.0026570660733006603
1	0.003127415418551565
1	0.0032893745945531652
1	0.0029055722374717466
1	0.0031967671515075644
1	0.0035695176475026395
1	0.002788533601718435
1	0.0024390749065941342
1	0.0032660655613053584
1	0.003415375865586667
1	0.0033000161826727656
1	0.003001731967376613
1	0.0034455057134070042
1	0.0035159786755609474
1	0.003337820086955686
1	0.002729331720610181
1	0.00324474708535116
1	0.0032489212271291463
1	0.002902204557381937
1	0.0032571382551042287
1	0.003249499103198172
1	0.0033942937688757656
1	0.003169683800345901
1	0.00268107997905685
1	0.0028867044602632888
1	0.0031356709097968153
1	0.002950923388033815
1	0.0034228329595322794
1	0.003176340845541765
1	0.0032837048992023507
1	0.003283889583302145
1	0.0036971778043536703
1	0.003417257054163754
1	0.0035037193346488197
1	0.0035974981307111812
1	0.0034941661627168907
1	0.0032479205494464467
1	0.0032617178320220267
1	0.0031794285113615974
1	0.003760510436577921
1	0.003389513624380684
1	0.003558487885687436
1	0.0027492520912865462
1	0.002422660251053286
1	0.0027968302639610216
1	0.0029684938124627464
1	0.0033462436852756583
1	0.0023415877486036418
1	0.0037236001723205533
1	0.003134131296586647
1	0.00340878212536776
1	0.0033356576667170324
1	0.002821595716547853
1	0.0031136904993595963
1	0.0031184466795857128
1	0.0031625385530041268
1	0.0029342757886809444
1	0.0034607083197309187
1	0.0028506237389855906
1	0.0032113178256742408
1	0.003052813126565737
1	0.0024775424186235877
1	0.0030103560155502257
1	0.0028146055040840184
1	0.0032922976179999017
1	0.003334709567868776
1	0.003218916328858378
1	0.003271087784405299
1	0.0028121059739499047
1	0.002862889091266309
1	0.0029778257623520213
1	0.0029426633249242918
1	0.00294697792076891
1	0.0028595586684963146
1	0.0032751857021996894
1	0.0026900006571240194
1	0.0037274834792065405
1	0.003625339384008016
1	0.003260706004804488
1	0.002704652373972765
1	0.0028572081639991653
1	0.003006622638326996
1	0.0033766390624283076
1	0.0031871930727606873
1	0.0027313568166569464
1	0.003053906671625912
1	0.003531269782652386
1	0.0034079027218921177
1	0.00321105395825871
1	0.0032666126274672716
1	0.0031058030099338665
1	0.003194197066427386
1	0.002956940651091479
1	0.0031656366443395534
1	0.0031309254392741072
1	0.0031448315069349574
1	0.003475232504142902
1	0.0028652338409970324
1	0.003060287444494045
1	0.0031841944129637517
1	0.003428831612649359
1	0.0028269208864409186
1	0.0030293224100843164
1	0.0030105596058258703
1	0.0032899222959341737
1	0.0033707517476639047
1	0.002693069706970266
1	0.00314074726249762
1	0.0030047065059289352
1	0.0034191054505524495
1	0.003317973988487959
1	0.0027619139179115193
1	0.00297683085734849
1	0.0032906340209737607
1	0.00351384410598634
1	0.003668691743747771
1	0.0031947931779508355
1	0.003400733584968521
1	0.003209034877950818
1	0.0028966700532812406
1	0.002431352473733777
1	0.0035397917996788895
1	0.0030462614175127225
1	0.002961148526199258
1	0.0031623819001954825
1	0.003084874097052109
1	0.0029694949256028804
1	0.002786279024396834
1	0.003027638938517407
1	0.0028870013184777747
1	0.0032693804133965667
1	0.002957893720907442
1	0.0031358610796091914
1	0.003134986045024072
1	0.00316188329324249
1	0.003123036501096561
1	0.003321597499584218
1	0.003176469890999005
1	0.003411334641594898
1	0.0034013044072197505
1	0.0034776540539965873
1	0.0026082480529891526
1	0.002905589129918358
1	0.0036665847122511574
1	0.003514388275251293
1	0.003110555985285935
1	0.003260157425730267
1	0.0036767627318659442
1	0.0030093411678244657
1	0.003392243190030327
1	0.0032450414458306273
1	0.0032868719294076973
1	0.0030691265445293592
1	0.0029258964574095637
1	0.003279314678288027
1	0.0035871406261931034
1	0.003249989341978602
1	0.0033775256185830317
1	0.0033371881655477153
1	0.0033443669805684807
1	0.003063820732500505
1	0.003157931603452067
1	0.0030416731795420713
1	0.0034065726712362914
1	0.0034490513395904606
1	0.0024624049336928007
1	0.0029464940911225336
1	0.0028923440525265237
1	0.003180209352765929
1	0.003314282798501641
1	0.003294309589562964
1	0.003449415458166305
1	0.0033250850024363022
1	0.002905412746739284
1	0.002848343058461978
1	0.003187393975367476
1	0.0030489270952440044
1	0.0033663882458824083
1	0.0031589458754066498
1	0.003090466797365818
1	0.0030953070501450524
1	0.002921862233419937
1	0.0033554927187178854
1	0.0032707322585881324
1	0.0020189647225914236
1	0.003071728283543877
1	0.0032925144681660726
1	0.003613662466164154
1	0.0034735508763986153
1	0.0028757250291382747
1	0.0035127643087859736
1	0.002899058275587564
1	0.003356641096540358
1	0.003881357019992455
1	0.0032801822679731528
1	0.0025914454423960733
1	0.0028726396649781565
1	0.0024451778198403013
1	0.0036589422050485646
1	0.0028415250358160013
1	0.003384525782234615
1	0.003301583114710262
1	0.0032651434448458293
1	0.002967309801868821
1	0.003176071833554525
1	0.003351186691358423
1	0.003234417667836718
1	0.003497972436713951
1	0.003052361766494586
1	0.0027039597028103574
1	0.0028730110054870817
1	0.002566747609400329
1	0.002960675233162292
1	0.0034732259883306954
1	0.0036354995137345423
1	0.002942902912549688
1	0.003093978440542582
1	0.0030990207378012785
1	0.002763149107284979
1	0.0033869165882314434
1	0.0030688364759479604
1	0.003110751913403988
1	0.002710763600151371
1	0.002724454995263567
1	0.0028289902782447085
1	0.0028837260053344847
1	0.003039890622301086
1	0.002998805221423664
1	0.0032987854021039554
1	0.0034685929637808793
1	0.0034037314537139385
1	0.0029444295346391157
1	0.0030650875906728884
1	0.00321348211953682
1	0.003404044028644298
1	0.003172933330336601
1	0.0033621909127516296
1	0.0030635774603168615
1	0.0030693713221595312
1	0.003237823806927869
1	0.0032068545056918914
1	0.003366808161435756
1	0.003251998486546293
1	0.003085518806807802
1	0.0031518858854296624
1	0.002784775760551354
1	0.003379952866005139
1	0.003132819513299041
1	0.0032649869505430753
1	0.0025156152965842673
1	0.0028102389620220662
1	0.0034754198472403378
1	0.0033427684174583304
1	0.003147540418153652
1	0.0028291527951749638
1	0.002978443070231591
1	0.0033658580399109628
1	0.003060157710800279
1	0.003506131018651213
1	0.0022655679271773753
1	0.0029826525220151756
1	0.0031163014555006204
1	0.0030683370607186805
1	0.003400937170430704
1	0.0032833463224185436
1	0.0030495678771032
1	0.0031544595930304803
1	0.0029275264901594085
1	0.0030817514421677293
1	0.0032990759244675497
1	0.0028888068050734244
1	0.003249393300951008
1	0.002893133978559913
1	0.0034827101133893287
1	0.0032804715885180694
1	0.0033470241267623906
1	0.0029626457865088757
1	0.0032295733278488443
1	0.003248580931880258
1	0.003596155770154336
1	0.0029494313122475245
1	0.0034504005185962425
1	0.0033191460242223488
1	0.0035634583511246175
1	0.002833387903386385
1	0.0032729422027468953
1	0.0030049416630721017
1	0.0034047860526980806
1	0.0037036386934489883
1	0.0034060661793185983
1	0.003386118699261093
1	0.003265838814532467
1	0.00326978135824069
1	0.0027488819199145385
1	0.0029761140047289804
1	0.003571346105482786
1	0.003320512830042184
1	0.0033068848568623024
1	0.0032021446046230544
1	0.003229508023539081
1	0.0033593321833780047
1	0.0024834716870224083
1	0.0029860300578810244
1	0.003646411497183339
1	0.003273751703878933
1	0.0024543444188820426
1	0.003463136201938242
1	0.002713222903274342
1	0.0031631744113624453
1	0.0031874137956131726
1	0.0022656377773910396
1	0.0033372435813641323
1	0.003093812010388666
1	0.003045428341086318
1	0.0028050228824630734
1	0.0034509791094436398
1	0.003282167157604488
1	0.003231651511185862
1	0.0033194931688378952
1	0.002810752724806161
1	0.0033423328370610255
1	0.0035872297926613415
1	0.003192200810552441
1	0.0028230590723620857
1	0.0029505314716888682
1	0.003505177194812739
1	0.0033519242667422386
1	0.0025526694894707426
1	0.0033695757472950974
1	0.003056350384243994
1	0.0035728688432785883
1	0.003210664544866534
1	0.003237522770790207
1	0.003070622944010424
1	0.003361198067372814
1	0.003162498150670257
1	0.0027994235118059133
1	0.002982431745854874
1	0.0029906699860432957
1	0.0034923531963198346
1	0.0031972552280615757
1	0.0032827351780893607
1	0.0032231647173618155
1	0.003242187848893693
1	0.003555415656836426
1	0.002970185852399008
1	0.0028399885244043198
1	0.0034317161595372857
1	0.0030646428626611073
1	0.0030932789789060366
1	0.0026651206231318738
1	0.0028326214581213638
1	0.0032922846823114074
1	0.0033075082373434537
1	0.003396291838642564
1	0.0032685359439429806
1	0.0031451308160762048
1	0.0029786213665499266
1	0.0036115233120515822
1	0.0028506267600696346
1	0.0032544642688741884
1	0.0025608533017580223
1	0.003257145017657013
1	0.003132148070881644
1	0.002884996653223093
1	0.002869543404225787
1	0.003285659303375437
1	0.003311846629581446
1	0.0025412157877360542
1	0.0030859822278767714
1	0.003182560821026838
1	0.0027833953443006684
1	0.0026565866454267154
1	0.0034426601861181757
1	0.003103279052244988
1	0.003111329195163767
1	0.0033753845803819573
1	0.0031506158023184606
1	0.0030600098853764994
1	0.0034925426461126056
1	0.0032969204708081824
1	0.0033523728287012653
1	0.0032377694132710516
1	0.002964483246476733
1	0.0032385075255179792
1	0.003481808878654693
1	0.0033760264675695437
1	0.003336882798210988
1	0.0028488666695014545
1	0.0028606480265948656
1	0.0025351670232635023
1	0.0028830557649542816
1	0.0027723768102408974
1	0.0030804574452676973
1	0.0035143329617254647
1	0.0032535672282129344
1	0.0030629632538406136
1	0.0034065262681409842
1	0.0031528921440985174
1	0.0034086002385812653
1	0.002878156834329494
1	0.003020683226938522
1	0.0032238882578155574
1	0.0029487284009493383
1	0.0030352693988433795
1	0.002687360421148642
1	0.003382618381590202
1	0.0033487184898377234
1	0.003483404274258426
1	0.0029884496793262136
1	0.003340857043371374
1	0.0032965221621823323
1	0.0032205183426371234
1	0.003077937636294416
1	0.00275034567724258
1	0.0033015331472678266
1	0.0031456517448665046
1	0.0025938120865333677
1	0.002730175773528764
1	0.002388380468157688
1	0.003384169406887039
1	0.0030668068441835816
1	0.0032076466949855238
1	0.003319099331411235
1	0.002931237030490518
1	0.003388430402773389
1	0.003604121942379072
1	0.003430153576365353
1	0.003121945119826334
1	0.003153218758922434
1	0.003380608485719883
1	0.0033077278830945032
1	0.00294658379558188
1	0.002758165928399012
1	0.0033861402207437364
1	0.003090780641650384
1	0.003145468578781519
1	0.0031118460309238942
1	0.0030519514177716704
1	0.003141335507480529
1	0.0029524255687233035
1	0.0030474128206560056
1	0.002827409071796306
1	0.0029210868994893786
1	0.0033620917701483004
1	0.0032590726630695385
1	0.0034936448745574215
1	0.003177492884353671
1	0.003065732025598336
1	0.003406011602961314
1	0.0033716896034367595
1	0.0030141011855024298
1	0.0031339680389395946
1	0.0028778427240503637
1	0.0024687560964469888
1	0.003305607311748228
1	0.003433327662935421
1	0.0030921694491480287
1	0.0034938753546567506
1	0.003354585207194154
1	0.003522478175303158
1	0.0036156007344862492
1	0.0029331964680672294
1	0.002592119205461009
1	0.0032221864861618392
1	0.003026319057953549
1	0.00322846241420439
1	0.003535848037387032
1	0.003302245295215232
1	0.002835826180807059
1	0.002565549149675354
1	0.0037115943024071353
1	0.0033465824790437585
1	0.003295600091082355
1	0.0031476473820060543
1	0.003320899870505831
1	0.0030825935900917253
1	0.0034166671788214776
1	0.0033844509259834572
1	0.003304198495972684
1	0.0027231937669672758
1	0.0031498586282894775
1	0.002992719882177678
1	0.0026500395965513
1	0.0035314446633504847
1	0.0029835290778061937
1	0.003038890370313294
1	0.0033589021175280025
1	0.0034112757074857883
1	0.0028970794527079413
1	0.003386501900970018
1	0.002928163218208937
1	0.0031595049943481178
1	0.0030641710816695614
1	0.0035077079749332904
1	0.0031959552179960204
1	0.0030796330439495138
1	0.0030766769874239763
1	0.0033753130362113182
1	0.0034634298770892472
1	0.0035039059673621542
1	0.0029638712078283325
1	0.003208460208115017
1	0.002793128770743836
1	0.003056289817149775
1	0.00310967970286985
1	0.0031204776369037797
1	0.0036057289751987016
1	0.0030666699163275366
1	0.003258112164281665
1	0.003162799425021479
1	0.0033584458266873217
1	0.003295827100949383
1	0.002918509442070517
1	0.0035171566966982902
1	0.003519775466886132
1	0.0034388311829767473
1	0.0028377594552711064
1	0.00336348847043622
1	0.0031838592833597027
1	0.003682196442185135
1	0.0033242312032840077
1	0.003034521357296666
1	0.0029134794622739184
1	0.0033980759410507447
1	0.00313252813318212
1	0.003439416405996526
1	0.003296218142078946
1	0.002898026594606078
1	0.003230637472927905
1	0.0031857619872964625
1	0.0033368745443542185
1	0.0030099503767726334
1	0.0030398541289506174
1	0.0034466501709087675
1	0.003236197171920973
1	0.002835209609813251
1	0.003091980668440699
1	0.0036395169427447284
1	0.0036218191500184925
1	0.0031005505657611516
1	0.002982460350252109
1	0.0030549236687424973
1	0.003305617918522259
1	0.0030949578001329865
1	0.0031567198072935997
1	0.0028078787954139827
1	0.0033141502937424207
1	0.0031148899664166082
1	0.00322747225653599
1	0.0029304444151790573
1	0.0030987627907433876
1	0.0033458454576515435
1	0.0035200930575342597
1	0.002846938263027764
1	0.00370940782313826
1	0.0034419632656487206
1	0.003195955468802034
1	0.003529221663735647
1	0.0032338860638153758
1	0.0030081375905059746
1	0.003072647714922507
1	0.0035680245745066267
1	0.0033053909601145725
1	0.00320172329380209
1	0.0031381413233107164
1	0.002803048161603426
1	0.0035604683543678326
1	0.0033392986032870276
1	0.0032563795736316905
1	0.0033899646368235658
1	0.0033342944367347484
1	0.003205091503192351
1	0.0033907128643750816
1	0.002502928345983131
1	0.0033670207828988886
1	0.002611888581713923
1	0.0034006209790687384
1	0.0034763513276349126
1	0.0031173542128189093
1	0.002850438056944929
1	0.003337121364750434
1	0.0034922165811522928
1	0.002985957433518462
1	0.003476206901706806
1	0.003413795801125228
1	0.003385125220622982
1	0.00329943623508533
1	0.002911947027739552
1	0.0029824540918480537
1	0.003109052723107281
1	0.0034047056480162085
1	0.0031810824156763393
1	0.00332161269612594
1	0.003230292098700891
1	0.0032032965242081595
1	0.0031390398815120545
1	0.003190735952889419
1	0.0031359448019972966
1	0.0030591482339789654
1	0.002911206393529859
1	0.0031248782475734095
1	0.0035390365598025326
1	0.002989264959957182
1	0.0029612881037433714
1	0.0030282201848802082
1	0.0033888592496170056
1	0.0028516914867788017
1	0.0027763220255984317
1	0.0034466343223839456
1	0.003366757891096244
1	0.0031427454353597627
1	0.00285097990488197
1	0.0028502420017636598
1	0.003565690984978694
1	0.00246886304501763
1	0.002874889865691907
1	0.003495206815656697
1	0.0032196311132537477
1	0.003471888539052882
1	0.003575928148624678
1	0.003090002166151678
1	0.0035789303874013577
1	0.0034218579012265785
1	0.003296578886368347
1	0.0033557117576541225
1	0.0031631273214886564
1	0.003409801219972513
1	0.003261725813571233
1	0.0025948713968965663
1	0.003150040667033105
1	0.0031416692247055464
1	0.0030582531605786415
1	0.003229128600074041
1	0.0032639042612864176
1	0.0034181059355166375
1	0.0025869931731977796
1	0.003569643157515121
1	0.0034297834362406847
1	0.002808366500840128
3	0.003146654213584578
3	0.0033136178740137494
3	0.003375716157090532
3	0.003461401599308428
3	0.0029827632553115716
3	0.0032278732788123743
3	0.0028437702347700886
3	0.0032881716984151993
3	0.003304210329891742
3	0.003203442355944545
3	0.002867483356982978
3	0.003180732623174385
3	0.0028441184374134692
3	0.0032470939191205483
3	0.003220076141382817
3	0.0028068256843449867
3	0.0026418237887956145
3	0.0029642688056531648
3	0.0033284173199837294
3	0.0030300267415376025
3	0.003523187747488308
3	0.003233952678063136
3	0.0030813856495424817
3	0.003069511699267884
3	0.0031111189527432753
3	0.0031513752047122754
3	0.0034400613625994894
3	0.002908535085438871
3	0.0029758149241473873
3	0.003058817240376043
3	0.0028200953026416777
3	0.003239249471276658
3	0.0034607742409165907
3	0.003293753044932451
3	0.003278006600594229
3	0.0030407045914466794
3	0.003758548311578068
3	0.0031787396675328743
3	0.0029515752499325604
3	0.003092670235321688
3	0.00353568979741412
3	0.0029073656492668307
3	0.003241053079165061
3	0.0031473344971186925
3	0.0020855777073931193
3	0.003397330726298368
3	0.002832101888829886
3	0.003185245079578162
3	0.0028391703083511326
3	0.0030899612498996084
3	0.003091434169424471
3	0.0035498375739959434
3	0.0032836193312856116
3	0.0030434865254135328
3	0.0025884295985261242
3	0.0036880691345371466
3	0.003214626910225758
3	0.0033050142689550043
3	0.0032172603508349423
3	0.003239234791169823
3	0.0031305043390519823
3	0.0028308486625399517
3	0.003559617662959423
3	0.002953283849381355
3	0.0032264987949971644
3	0.0033229856144134655
3	0.0029932529058858967
3	0.003058925019348794
3	0.0026303394229910434
3	0.0030519366339561414
3	0.0031699125271152833
3	0.0029584490977566406
3	0.0030143507116741635
3	0.0030343778853379006
3	0.003566610278782074
3	0.002558005277419417
3	0.0027454255768531634
3	0.0029008974602374987
3	0.00309965150872659
3	0.00310071100622398
3	0.003417819299521259
3	0.002815045027539884
3	0.0028261715642586365
3	0.003337989444341821
3	0.002873211865216528
3	0.0034083466701251845
3	0.0033050229917665603
3	0.0023828771712470255
3	0.0032956178147406515
3	0.0031497128510968456
3	0.0027034881576551953
3	0.0027809315877928564
3	0.0028841179841807138
3	0.0028596161682949398
3	0.0032282147849502525
3	0.002956963229295788
3	0.003197375825144512
3	0.003082694774502475
3	0.0027931757644240568
3	0.0026212598248492227
3	0.002972245421683963
3	0.0034482559751498987
3	0.0030983925344518102
3	0.0028756464732884817
3	0.0029566315021866125
3	0.00318532722856636
3	0.003227074780131086
3	0.0034581259111273457
3	0.0033696580314872683
3	0.002993011956627671
3	0.0026337391146285544
3	0.0031122008612503855
3	0.003333615528923759
3	0.0034296192075882357
3	0.003348415575454803
3	0.0019456074563445468
3	0.0034341882296049066
3	0.0027247219394527307
3	0.002534333309906177
3	0.0030017319320803986
3	0.002998953113599272
3	0.0031506891891976835
3	0.0031972812792628617
3	0.0031112310369263746
3	0.0028378705456753852
3	0.0026361847751986724
3	0.0032204126609865704
3	0.0034007412545773003
3	0.0035041847080920104
3	0.003108452694396276
3	0.0031033212284888208
3	0.002819382670551226
3	0.0031847728567863487
3	0.002960398425583412
3	0.0028282696679201125
3	0.0030305447227649464
3	0.003184300615913429
3	0.003080468296291839
3	0.0028236560694103454
3	0.0031498173841339955
3	0.003187529787717617
3	0.0030092837817059875
3	0.002902917158173633
3	0.0030546520893501086
3	0.0033134457539193353
3	0.00290499400061627
3	0.003087787638508554
3	0.003486669075146387
3	0.002853801321318867
3	0.003180140240857979
3	0.00310884895494275
3	0.003198212616402062
3	0.0031319377611317887
3	0.0033285328344433646
3	0.0029591890779352417
3	0.002835326265930479
3	0.002634686551601998
3	0.00316325188207994
3	0.003255651005806294
3	0.0025882972185592118
3	0.003419782362214948
3	0.0031739359441971524
3	0.003608185315015691
3	0.003155551235831147
3	0.0033391841137629334
3	0.003386301201087826
3	0.0026492247778694693
3	0.003102276554581548
3	0.003595768095199979
3	0.003363931363445311
3	0.003098047173650617
3	0.003414676215752838
3	0.003068382701956866
3	0.0029872975727648137
3	0.0035459644369221673
3	0.0029168618195656486
3	0.0034006282523437116
3	0.0035512166873134915
3	0.0031148024646613596
3	0.0029135818275415996
3	0.0030997751357566055
3	0.0031687139180787004
3	0.003410884780662192
3	0.0029080821739530874
3	0.0030981183033836905
3	0.0032454358773943053
3	0.0033240358991736495
3	0.003099976874847651
3	0.0029995966192883023
3	0.003252550467307397
3	0.0033640211811607787
3	0.003094293302311538
3	0.003351543196199996
3	0.0031616846126636166
3	0.003425758795876586
3	0.003047940295590191
3	0.002955614809953553
3	0.0031449849597824024
3	0.0031866294399740536
3	0.0030798090486667965
3	0.003024488273440926
3	0.003447950359476393
3	0.003562990452038078
3	0.00338773602728254
3	0.002898845076241552
3	0.003304485991244108
3	0.00347065712740463
3	0.0029853695806394266
3	0.003296183308716892
3	0.0034326074852011005
3	0.0031890550253519355
3	0.002854396692233691
3	0.0027904272293305175
3	0.0034711919307710277
3	0.00356641635121754
3	0.002944712783390458
3	0.0028069922023435416
3	0.003103089209771467
3	0.003486087596330878
3	0.0027835367164493518
3	0.003285424823087303
3	0.002900499060211924
3	0.003000570302835269
3	0.003166426950798942
3	0.0027827418944699166
3	0.002967334358661837
3	0.0026105983285111254
3	0.0026349773172040306
3	0.0028118490513234437
3	0.003709998692580095
3	0.002965683374269729
3	0.0033735162911225883
3	0.0030804340348009195
3	0.0028566224971903827
3	0.003191647188301674
3	0.0032583937235969164
3	0.0027901133874144017
3	0.0030686854183790153
3	0.0035556382634900486
3	0.0030514241935878255
3	0.002826558895417171
3	0.003290977239307668
3	0.003111855609016724
3	0.0032177340262411567
3	0.0035813859182564868
3	0.003353229718781283
3	0.003254109275572771
3	0.0029574594800950683
3	0.0034261668044030984
3	0.003162053653703052
3	0.003189787740887369
3	0.0032559542491909176
3	0.0031733750198660957
3	0.0034479502981519415
3	0.0034799085478450665
3	0.0031901477621218578
3	0.0030822613177941935
3	0.0032152834539453876
3	0.003085295416752473
3	0.0034846951040876047
3	0.002989634504960014
3	0.0032620041119960567
3	0.003727158943501701
3	0.0027825007368672034
3	0.0032519766074550196
3	0.0033143417899409444
3	0.0031765337966494405
3	0.0033770906974281397
3	0.0028708877009487334
3	0.0033122957470463777
3	0.0032893821066403072
3	0.003216855566263598
3	0.003473385848838948
3	0.0031532914782137675
3	0.002990820832716086
3	0.0029825308532365
3	0.002546790717581569
3	0.003041342293894322
3	0.0032580804815128903
3	0.002836202331805101
3	0.003135446612304281
3	0.0035714515322637108
3	0.0026792977473709687
3	0.002278470483466512
3	0.003246962755308848
3	0.003503232771954641
3	0.003299244466592374
3	0.002936611991372047
3	0.003414937852717221
3	0.003474262209382412
3	0.003304878404226655
3	0.002770079328056427
3	0.003189724417940025
3	0.0031748146546361658
3	0.0028677256328975597
3	0.003229897732917338
3	0.0031205221681718767
3	0.003396043528156509
3	0.003138820953730558
3	0.0027207898126215603
3	0.0028020101787081873
3	0.003213636419008288
3	0.0028817546340069913
3	0.003421803041001145
3	0.003124019662307244
3	0.0031916121020370896
3	0.003231467273169471
3	0.003687203153525958
3	0.003389282355929746
3	0.003478268598678209
3	0.003597726140252556
3	0.003470015042310974
3	0.0032299857781478885
3	0.003149109927733884
3	0.0030444207643681586
3	0.003759731675550051
3	0.0032999201318097654
3	0.0036087009241445207
3	0.002794402380216535
3	0.002400581110438879
3	0.0026594063582410857
3	0.002939886994951268
3	0.0033700952050242498
3	0.002382199936770118
3	0.0037169376824652527
3	0.003202485734187527
3	0.0033790581364624653
3	0.003184185669912115
3	0.0028594905529664935
3	0.0030519714457820602
3	0.0030634064767882333
3	0.0031029822152904363
3	0.003021737030937685
3	0.003464068539459096
3	0.002868683509358422
3	0.003117175361465588
3	0.002981479483644969
3	0.00230120767687301
3	0.0030258717595175325
3	0.0028179027354028837
3	0.0032441185455861538
3	0.0029308178524532214
3	0.003182517882652086
3	0.0031736963866047688
3	0.002814008603398398
3	0.002775425147065167
3	0.002900877433807096
3	0.002906585750452897
3	0.002902346328742179
3	0.002914269856801447
3	0.0032222665022934574
3	0.0027502610600179177
3	0.0036381290322211888
3	0.003585807832717206
3	0.0032555473987760353
3	0.0025900516582647195
3	0.0027571369757722237
3	0.0030829424364336687
3	0.003250140194266013
3	0.0032378159789440597
3	0.0025989021650088123
3	0.002980306117650666
3	0.0034410859239230028
3	0.0034060249965769634
3	0.0031548346702037
3	0.0031957055362197397
3	0.0030681364385068397
3	0.0030657489455013626
3	0.0030660995585047746
3	0.003119297192338092
3	0.0030841657124923943
3	0.003060901329596814
3	0.003480597350570007
3	0.0029758116849339937
3	0.003026449451235422
3	0.0032731030349491363
3	0.00340556276797464
3	0.0028974917882371182
3	0.003102460503683558
3	0.0028141985386761904
3	0.0032060271722302446
3	0.003336718189894335
3	0.0027164815492177756
3	0.0032497651237307964
3	0.0030137358402003594
3	0.003407000485803193
3	0.0032849731598631037
3	0.002770353667309265
3	0.0030614020351080063
3	0.0032283511087414308
3	0.003487662612054286
3	0.0036460171567871606
3	0.0030749475084450788
3	0.003371112794592644
3	0.003119927740739955
3	0.0028604757051819423
3	0.0024817125506798776
3	0.003418918260087251
3	0.003157113079192833
3	0.003056493783217165
3	0.0031968944068558455
3	0.0029999765025957425
3	0.002888248747819993
3	0.002561344076101505
3	0.0030388503459754562
3	0.0029153977124060917
3	0.0032499790427192787
3	0.0029676555434171707
3	0.0030743138052095895
3	0.00312484825536316
3	0.0030874348493267257
3	0.003046100916538511
3	0.0032884878019527825
3	0.003119426343843815
3	0.0034167246194818646
3	0.0033036502848182332
3	0.003452744700909468
3	0.002604995629374392
3	0.0027369315123175588
3	0.0036661280596273216
3	0.003496157174071356
3	0.0031006078790012013
3	0.0032847764567875727
3	0.0036345303269256324
3	0.0029552708705371006
3	0.0033739533874751347
3	0.003287441181955338
3	0.003097252974412486
3	0.0030119361894222142
3	0.0026329780804188077
3	0.0032352340672062024
3	0.00358183825911813
3	0.003213651006895788
3	0.0033481966278504365
3	0.0033050171574380144
3	0.0032455094856889332
3	0.0030946054658309388
3	0.003161983958079739
3	0.002973110449878447
3	0.003355119936933884
3	0.0033720469457484744
3	0.002513348720886011
3	0.0029739967042406055
3	0.002815602325391094
3	0.003148326678064776
3	0.003260621425796057
3	0.003243446557964379
3	0.0034069437171330313
3	0.0033388864461137025
3	0.002853615436559758
3	0.0028839543389742126
3	0.0031202838120636847
3	0.0029538617999022923
3	0.003339389688619252
3	0.0032183374513492236
3	0.0031377578485143292
3	0.003030867860834006
3	0.0029676620713358468
3	0.003312214232564629
3	0.0032461367344052004
3	0.0019866085821841155
3	0.0030697242828658477
3	0.0032355609992953138
3	0.003591319733920338
3	0.0034688088720367864
3	0.002792349204456355
3	0.0035021661273000357
3	0.0029429694511473883
3	0.003172937232361255
3	0.003911563931067997
3	0.0032311852685744055
3	0.0025676472776433364
3	0.0028878553666825168
3	0.0024990663612821243
3	0.0032812394402098022
3	0.0028834945994588193
3	0.0033391215919147243
3	0.0032227637267226777
3	0.0033284857727890814
3	0.0030579455019285155
3	0.003204455375027671
3	0.00343016165245151
3	0.0033148772518815555
3	0.0034478823730655682
3	0.00298257493868309
3	0.002743859386181775
3	0.0027939417326393336
3	0.0025569790660227394
3	0.0030094129152333075
3	0.0034340540823544555
3	0.00355834657702408
3	0.0029168765396518415
3	0.0030361138770475305
3	0.0031561316458829933
3	0.00281666819963633
3	0.0032383605669647
3	0.003137990689125154
3	0.0030508979337114466
3	0.002761069003538676
3	0.002621093084899582
3	0.0028616674231931056
3	0.0028080122662905113
3	0.0029966033447573533
3	0.0030358439196460345
3	0.0032437863131097124
3	0.0034693105614759237
3	0.0032650389846777955
3	0.003004032438912783
3	0.003052799722409429
3	0.0031778316311201443
3	0.0033836388565408266
3	0.003137675085644878
3	0.003310708192944529
3	0.0029578537720130926
3	0.002986525243385062
3	0.0031541947030574494
3	0.003177915931869055
3	0.003336898636985455
3	0.0033166706270338626
3	0.0030123611007091653
3	0.0031540899298326507
3	0.0028523864276390415
3	0.003297162631426922
3	0.0030581846231591894
3	0.003214948723087723
3	0.002469647228207533
3	0.002860371826183695
3	0.0033455925267430013
3	0.003331638266338295
3	0.0032220851892284007
3	0.0027364742903987025
3	0.0029969623179386643
3	0.003345728536317344
3	0.003017263914342467
3	0.003511206519827103
3	0.002091624417736409
3	0.002932694123939041
3	0.003165978106415457
3	0.0030238384455925043
3	0.003352251538831879
3	0.003233783440823263
3	0.0030155955760622446
3	0.0032433616887292413
3	0.0028804165285905496
3	0.0029696383609949446
3	0.0031919874940879436
3	0.0028927277594425318
3	0.003193825463966898
3	0.002894456729882665
3	0.0034888772852146297
3	0.0032662407899937363
3	0.003307925394690449
3	0.0030147296506107587
3	0.003066321329030167
3	0.0032401104494789185
3	0.0035781175990014244
3	0.0029897154427589367
3	0.003422301005028042
3	0.0032972953128914267
3	0.003456804574994711
3	0.0028262626419159305
3	0.003180780129757996
3	0.0030414421553670444
3	0.0033806556295581575
3	0.0036434809380939347
3	0.003323082927528997
3	0.003368624717774043
3	0.0032228756217834234
3	0.003252303958375811
3	0.002802712601488326
3	0.0030223406467103147
3	0.003534717060779323
3	0.0033010679102970482
3	0.0032651560115197864
3	0.0031626111554655
3	0.003163805292543353
3	0.003366575260207221
3	0.002498094962906835
3	0.0030769769460445933
3	0.0034637515348522126
3	0.003214972166828691
3	0.002495074336557025
3	0.003422835170859964
3	0.0027217029190735455
3	0.003078640630618059
3	0.0031462574695714446
3	0.002201030589754527
3	0.003282044609312616
3	0.0030879661039290044
3	0.0030076040544214427
3	0.0027748913451589893
3	0.0034362228139603644
3	0.0032838433066706774
3	0.00317061841167486
3	0.0032697670042036433
3	0.0027189957164840744
3	0.0032462801347783784
3	0.003586806586575098
3	0.0029783980532393163
3	0.002730027908692583
3	0.0030319092756252095
3	0.0035360754569409808
3	0.003274962248466423
3	0.002428886578772101
3	0.0033271390944710198
3	0.002956835522316738
3	0.003574454212987854
3	0.003148570098708867
3	0.003239194355028881
3	0.0030375284703603052
3	0.0033240828507826734
3	0.003126210873846969
3	0.002860150317590104
3	0.00307316224485069
3	0.002910335475561777
3	0.003461314207145471
3	0.0032199698083299542
3	0.003371145003308494
3	0.0032119619903444568
3	0.0032203728942793103
3	0.0034884917058080056
3	0.0029435210706413666
3	0.0027485004343339404
3	0.003204876822222495
3	0.0030267838378145603
3	0.0030307381878111953
3	0.0027003784161211933
3	0.002848403329456645
3	0.003183806710507157
3	0.0031542715289400863
3	0.003361901711401387
3	0.0032367108520961582
3	0.0031055242297014247
3	0.0028433753964248274
3	0.003613120428879441
3	0.0029081905531878733
3	0.003185974797758152
3	0.0025808808709769943
3	0.0032091295794230397
3	0.002990765739356557
3	0.002870994684446011
3	0.0028050193141015293
3	0.003233840464116253
3	0.003394672344695584
3	0.002477686529676605
3	0.0028020466601135175
3	0.003088155394885561
3	0.002840413811821793
3	0.0027133333280733316
3	0.0034036046119618507
3	0.0030672981210205998
3	0.0030769278048433566
3	0.0031489524877584495
3	0.0030975395722994277
3	0.0030181230093464014
3	0.0034668144819512653
3	0.0032513380416055084
3	0.0033274169033978753
3	0.0031735529654719455
3	0.002888619355971
3	0.0032270501641525995
3	0.003522630189305223
3	0.0033481667168164205
3	0.0032706311675417712
3	0.002920571095013237
3	0.002868871925391745
3	0.0025352167975148422
3	0.002894565007477936
3	0.0026946987890721736
3	0.0029134004248144115
3	0.0035274466594244565
3	0.003213039662875146
3	0.003130177830981793
3	0.0033563870094166317
3	0.003159066680955778
3	0.0033295465538207953
3	0.0027982893022712573
3	0.003084446161536676
3	0.003239978358088496
3	0.002848657567358302
3	0.0029696256813916684
3	0.0027426926221368916
3	0.0033548718260914714
3	0.0033108861148385045
3	0.003438751956424905
3	0.0029600247217801212
3	0.003210287544525242
3	0.003235779061491149
3	0.0031528596668309525
3	0.0030074665292889498
3	0.0026733601660151336
3	0.003251820136540021
3	0.003107224511847643
3	0.002592032921370943
3	0.0026295876175632376
3	0.002362638078614025
3	0.00336634063096012
3	0.003074340603471727
3	0.003141636076787328
3	0.0032629005632668017
3	0.0028909591001296227
3	0.003325295216038224
3	0.0036077882436443844
3	0.0033918896234283536
3	0.0030937916627865572
3	0.0031041324079962756
3	0.003342423502810432
3	0.003227228902817421
3	0.0029392400109424914
3	0.002712484980369501
3	0.003387376499713876
3	0.003063706544476216
3	0.0031861461382505065
3	0.003041566319079892
3	0.0028974065187739053
3	0.0030926531797254024
3	0.0030358640161905156
3	0.003109986656885194
3	0.002725807893561609
3	0.002936727623426971
3	0.0033361147917660553
3	0.0032197814483544787
3	0.003325155522271825
3	0.0030992856194291185
3	0.002991357216292077
3	0.003379938586399753
3	0.0032914651415102444
3	0.002784295044484452
3	0.0030678728311033794
3	0.0027984265111207296
3	0.0024699583826509265
3	0.003252854985783975
3	0.0034191466807852746
3	0.0029672816113613895
3	0.003493990256904212
3	0.0033109776672733686
3	0.0035258275056640233
3	0.0035890559740234806
3	0.002777268555068449
3	0.0026321376871935765
3	0.0032221864861618392
3	0.0029893899249958836
3	0.003161144328010208
3	0.003532467519891479
3	0.0032587384418181517
3	0.002803025644706238
3	0.0024424070067907613
3	0.00344843259641061
3	0.003325822028806893
3	0.003267051005681704
3	0.0030974778891957916
3	0.0032669303174681294
3	0.0031725134701825982
3	0.0033863123301143072
3	0.0033376240369136375
3	0.003183235522697551
3	0.0027547763434504664
3	0.003108803954481507
3	0.0029307472393051955
3	0.0025351278779930744
3	0.003526639653816382
3	0.0029071732550811657
3	0.002948063116387496
3	0.0033313299067053636
3	0.0033942641149744125
3	0.0028281063273081193
3	0.00334983601515012
3	0.0029541605357015005
3	0.0032221076906915245
3	0.0030069270596849848
3	0.003510433650706629
3	0.0031539038192162127
3	0.00301874864211829
3	0.0029281210028256986
3	0.0033195752377708164
3	0.003384994614375893
3	0.003339668256263832
3	0.00286667847833124
3	0.0032220168531552967
3	0.002875637071031967
3	0.0029921668577019157
3	0.002954213401525795
3	0.0030867149019823993
3	0.0035888274333317595
3	0.003074854681960908
3	0.0031941724413479104
3	0.003117836163447841
3	0.0033563832963166055
3	0.0032552172827091928
3	0.0028368325527082803
3	0.0034743055436538737
3	0.0035100855642902534
3	0.0032816944243291113
3	0.0027276499523885365
3	0.0032742373093637253
3	0.0031452196187434192
3	0.0036443229020869422
3	0.0034257178968555707
3	0.0030933573752596256
3	0.002921441092155414
3	0.0033775082437450797
3	0.003096921726885097
3	0.0034574974353105623
3	0.0032314510058893634
3	0.002942572326165711
3	0.003336050547678317
3	0.003081007101791282
3	0.003219304228386416
3	0.0027442000095708064
3	0.0031257931365192325
3	0.0033424459359849747
3	0.003165075951167068
3	0.0028768706592843312
3	0.0031177647884949753
3	0.003634810430722666
3	0.0036495921423532383
3	0.0028853653229151273
3	0.0029344697306202053
3	0.002883223863226268
3	0.0032687308235401467
3	0.0031792524590291095
3	0.003082431344432881
3	0.0026022873913090203
3	0.003266633136483684
3	0.0030746945336659576
3	0.0031726870307122053
3	0.003005517596389325
3	0.0030035812122933578
3	0.003271582326448362
3	0.003444426406691139
3	0.00292489006901249
3	0.0036971197932313157
3	0.003279432070588519
3	0.003145485590985802
3	0.0035215005785994334
3	0.003277453369067002
3	0.0030081375905059754
3	0.0030056050575444637
3	0.003573977131189528
3	0.0030844285982574737
3	0.0031434476159544647
3	0.0029567238513552143
3	0.0028823176740028636
3	0.003514945955669737
3	0.003290691989903588
3	0.0032139173181897256
3	0.0033476426227795008
3	0.003299641733165189
3	0.0032983936933554357
3	0.003252345656168398
3	0.002528122312454473
3	0.0033373399993450767
3	0.00266082497335453
3	0.0033335535934301123
3	0.003458073240942166
3	0.0030452087566848213
3	0.0029435711329920157
3	0.003298730574438397
3	0.0034644417356586
3	0.002932208809335793
3	0.00344987927300709
3	0.003049391471384585
3	0.0033351373627649554
3	0.003281835977012086
3	0.0028981496382928674
3	0.00294320638213713
3	0.0030487707621864495
3	0.003357588658898171
3	0.0031166167266602615
3	0.003225452853749982
3	0.003210147678434899
3	0.003161693589335246
3	0.0030478702966367146
3	0.0031877269755316916
3	0.003049834971542883
3	0.003063256520249877
3	0.0027935521037581
3	0.0030962819930297576
3	0.003510736596598727
3	0.0030337678881561356
3	0.00296360226414464
3	0.002949782183217633
3	0.0032538656025181325
3	0.002796717020775893
3	0.0028053516469488927
3	0.0033756395979864205
3	0.0033404048059710242
3	0.00306827776893955
3	0.0029043088784736736
3	0.002908275697439177
3	0.0035071491836760247
3	0.0024969531910438198
3	0.002799641394517967
3	0.0034517314508346027
3	0.003182594137504368
3	0.0034487329218232635
3	0.003521210481845148
3	0.0029858109746510693
3	0.003564787007023112
3	0.0034295407278408306
3	0.0032551991872018
3	0.0033049150947196833
3	0.0031408570425460547
3	0.0034341071924270895
3	0.003176185701900046
3	0.0026405300471732287
3	0.003232905483671993
3	0.0032137454499089513
3	0.0030537047915757615
3	0.0031953611074088104
3	0.003199547965688849
3	0.003443302755010217
3	0.002647340012562146
3	0.003532654232415341
3	0.0034082333294140578
3	0.00271010622533833
3	0.0033332295120775935
3	0.003094370648887154
3	0.0028716388197127553
3	0.00247643026108254
3	0.00317691807207425
3	0.003298303193235809
3	0.002537030239785058
3	0.003304358741965187
3	0.003413513802001949
3	0.0030872845418019428
3	0.0033921981617294826
3	0.0029692313402634608
3	0.0032121090623757516
3	0.002982407642847946
3	0.00308182737513256
3	0.003123920741167145
3	0.0032236338425029277
3	0.0032951799112897885
3	0.002972531541387658
3	0.003020383379474691
3	0.002959401509492774
3	0.003185264362853542
3	0.003118068032471904
3	0.0033375188886977172
3	0.0028342122792922803
3	0.0032679784350756374
3	0.0033132066583321106
3	0.0031250603535126742
3	0.0024410757014596187
3	0.0031351444937634775
3	0.0033392112589931498
3	0.0032656906416371903
3	0.0031317410023691344
3	0.003233995937377606
3	0.003180826731014415
3	0.0023045353849671657
3	0.003163034707935493
3	0.0038338970990101726
3	0.0029271603242040744
3	0.002726615840713038
3	0.003028365116206384
3	0.0033701537049639543
3	0.0032159458225735566
3	0.003389010911888131
3	0.002821410093587578
3	0.003158806170157621
3	0.003251307611298092
3	0.0033815956002593013
3	0.002890851091099281
3	0.0031320192120646868
3	0.002920375428103665
3	0.0030545513141044915
3	0.0032587482539818005
3	0.003483076742058843
3	0.0030043861015550035
3	0.0034096748269240636
3	0.0032573438994001986
3	0.003609346603796322
3	0.0032633224953902825
3	0.0034492770224427657
3	0.002982583635061745
3	0.0035593676954828912
3	0.0029979954694685845
3	0.0023253097999760093
3	0.0035423487464188727
3	0.002969016819929187
3	0.002486843039651392
3	0.0030575263864295993
3	0.003092379413653455
3	0.0028898326340604454
3	0.002440303851328376
3	0.002749772673097837
3	0.003199810409453112
3	0.003686590170138869
3	0.0032774027785908866
3	0.0029135124350508418
3	0.0032712036028262797
3	0.0029662736933231296
3	0.003502303674291947
3	0.0030029357649631813
3	0.0031498261560026918
3	0.0034786628773814388
3	0.002863136452398706
3	0.0035513185132490972
